4.676311492769880118e+01 2.357494720269753330e+01
4.676320307221713080e+01 2.357502351532800233e+01
4.676323910952034879e+01 2.357509680684892572e+01
4.676331402164515794e+01 2.357515698607050680e+01
4.676339851606896758e+01 2.357518147174284096e+01
4.676340860377712261e+01 2.357520587419761782e+01
4.676349335600512802e+01 2.357525694720288456e+01
4.676358841427306601e+01 2.357530421359185624e+01
4.676364030048681286e+01 2.357537234787656288e+01
4.676372727878074897e+01 2.357537977563636034e+01
4.676378324662002939e+01 2.357544507436909953e+01
4.676385562274285945e+01 2.357550134233289540e+01
4.676391351288877729e+01 2.357558181779714346e+01
4.676401278276799189e+01 2.357563093454307079e+01
4.676404055879833521e+01 2.357566481977808337e+01
4.676412909682173336e+01 2.357574566614654543e+01
4.676416685554843866e+01 2.357582004427988664e+01
4.676417798100857937e+01 2.357589182212719336e+01
4.676423442118214524e+01 2.357594487535405037e+01
4.676433151129109689e+01 2.357600291380140689e+01
4.676433942664082366e+01 2.357605898594932015e+01
4.676438268548007215e+01 2.357606003189176747e+01
4.676441970159913808e+01 2.357608168658969916e+01
4.676443395942156656e+01 2.357610673259472733e+01
4.676452238956951390e+01 2.357617102144302734e+01
4.676458607684395474e+01 2.357623284003762265e+01
4.676463751374312494e+01 2.357627105905401166e+01
4.676471540789817993e+01 2.357634535994556657e+01
4.676479181308532418e+01 2.357640715499535844e+01
4.676483406757034089e+01 2.357646883397852733e+01
4.676489866699577647e+01 2.357650554052201031e+01
4.676495010415375475e+01 2.357651030078338650e+01
4.676501641454427016e+01 2.357653309703032463e+01
4.676508052200353660e+01 2.357661828961701644e+01
4.676512676043355299e+01 2.357671320331282772e+01
4.676519485208001470e+01 2.357673590059473057e+01
4.676528348896742671e+01 2.357681963551600646e+01
4.676532118285153672e+01 2.357690848397412964e+01
4.676539460383546043e+01 2.357693317206568651e+01
4.676546152301379777e+01 2.357699955087219124e+01
4.676554018143345104e+01 2.357704125589845745e+01
4.676557453050686775e+01 2.357705885619979114e+01
4.676566238546636356e+01 2.357715073610328815e+01
4.676574920543606595e+01 2.357716448796329800e+01
4.676574985154834962e+01 2.357717136563173099e+01
4.676580559059725317e+01 2.357724815048400657e+01
4.676587640446367544e+01 2.357727707370181491e+01
4.676596956003720607e+01 2.357735996287341962e+01
4.676598485269695260e+01 2.357745691440129576e+01
4.676604791699789132e+01 2.357751076184751327e+01
4.676608041979802266e+01 2.357754815050926211e+01
4.676616567181908124e+01 2.357761082047059276e+01
4.676624827810908158e+01 2.357770157186044813e+01
4.676630968020005241e+01 2.357776611143753698e+01
4.676637633389666604e+01 2.357780718300519140e+01
4.676640211343087117e+01 2.357781547236939090e+01
4.676644942729746646e+01 2.357786385434142673e+01
4.676648096827550916e+01 2.357793212149223194e+01
4.676656343603476529e+01 2.357793707556212581e+01
4.676660956500280264e+01 2.357802439453435639e+01
4.676662032230866117e+01 2.357807673834217965e+01
4.676670124387594996e+01 2.357809868188811109e+01
4.676678641445829498e+01 2.357819460544522983e+01
4.676687406419339510e+01 2.357823051244076851e+01
4.676694219413531073e+01 2.357832750629171414e+01
4.676696275277437564e+01 2.357836936977724562e+01
4.676705843672178275e+01 2.357840258588296578e+01
4.676713354070328421e+01 2.357847313170500314e+01
4.676716942367502128e+01 2.357853133432638515e+01
4.676725915697696934e+01 2.357860624667482341e+01
4.676729144734422761e+01 2.357865789908696286e+01
4.676734695740383074e+01 2.357874116692610755e+01
4.676739712799039239e+01 2.357874980220586636e+01
4.676741366480965922e+01 2.357884831912024026e+01
4.676750838903973317e+01 2.357892262864735855e+01
4.676760060448872736e+01 2.357899245269363675e+01
4.676769614367073302e+01 2.357900302514250868e+01
4.676778816305466080e+01 2.357909704550509389e+01
4.676780019930387766e+01 2.357915968805138363e+01
4.676782391034784325e+01 2.357922281171449441e+01
4.676785606863777645e+01 2.357925151393181551e+01
4.676786529256958858e+01 2.357927946043047740e+01
4.676789241503833239e+01 2.357933593650816917e+01
4.676797715280545731e+01 2.357934782655948069e+01
4.676798487026846374e+01 2.357936524497916508e+01
4.676802385172340593e+01 2.357936726449503340e+01
4.676804453814165896e+01 2.357943852792615047e+01
4.676806739560682757e+01 2.357944171684721368e+01
4.676808621075015537e+01 2.357950537793676205e+01
4.676813727708172763e+01 2.357951849701136027e+01
4.676823438153293466e+01 2.357954826162056250e+01
4.676827602090893521e+01 2.357954920462755055e+01
4.676835728313840690e+01 2.357960686957438767e+01
4.676843600521634414e+01 2.357969776181807120e+01
4.676844289398781029e+01 2.357971684708344995e+01
4.676849510190012182e+01 2.357976508018612805e+01
4.676850818446715152e+01 2.357982842714576677e+01
4.676857597940197309e+01 2.357987989459305211e+01
4.676861394968062768e+01 2.357991636021768400e+01
4.676863507331013636e+01 2.357999989141540453e+01
4.676866616421077083e+01 2.358007784439670473e+01
4.676873937644599266e+01 2.358010118934596022e+01
4.676878441110917350e+01 2.358011067950349116e+01
4.676883796742875177e+01 2.358012725294285872e+01
4.676889621815108455e+01 2.358013463945331978e+01
4.676892606180938117e+01 2.358018100673522000e+01
4.676899368374017030e+01 2.358020424833625484e+01
4.676909203697965012e+01 2.358022353452514608e+01
4.676911055918012039e+01 2.358023367850786300e+01
4.676920506305384606e+01 2.358023770617577597e+01
4.676925966730173911e+01 2.358033342133386512e+01
4.676935416097074949e+01 2.358036892581586130e+01
4.676937572595624459e+01 2.358037442850420717e+01
4.676946103670823618e+01 2.358042674098226854e+01
4.676954778516339672e+01 2.358047008440264491e+01
4.676957151460074869e+01 2.358051411986031809e+01
4.676957773040395239e+01 2.358058537254741083e+01
4.676959990468601092e+01 2.358059355808996926e+01
4.676964973990094876e+01 2.358065753473535864e+01
4.676973973306773757e+01 2.358074102521320015e+01
4.676980140211255588e+01 2.358082264493562263e+01
4.676980847278697695e+01 2.358084771940248814e+01
4.676981197577254079e+01 2.358090700668116924e+01
4.676983026899675622e+01 2.358093492747600450e+01
4.676986629928351391e+01 2.358093592270173744e+01
4.676986731799365060e+01 2.358094026846985614e+01
4.676989971341455998e+01 2.358101774733450640e+01
4.676998658240310647e+01 2.358110542483342087e+01
4.677005643952692537e+01 2.358111952500309272e+01
4.677011789032206224e+01 2.358120076296437162e+01
4.677019323255836980e+01 2.358120816282975341e+01
4.677026189928686506e+01 2.358125264488793604e+01
4.677030642435720864e+01 2.358126536353849545e+01
4.677034256436458293e+01 2.358132919727834675e+01
4.677042657484148691e+01 2.358137677418233835e+01
4.677049731491681683e+01 2.358142590279194906e+01
4.677059662245945049e+01 2.358146985814738272e+01
4.677061499430551095e+01 2.358155428000517517e+01
4.677071271596035729e+01 2.358156499732794487e+01
4.677080361093253202e+01 2.358164957048221666e+01
4.677085896913010998e+01 2.358173979447736102e+01
4.677086172123355823e+01 2.358176632317900001e+01
4.677090221612497345e+01 2.358181336003272222e+01
4.677090419836778779e+01 2.358183336213114245e+01
4.677096236230435977e+01 2.358188244254604271e+01
4.677098701583739171e+01 2.358193953354960826e+01
4.677108460268745205e+01 2.358195705985541224e+01
4.677115193014954997e+01 2.358195773841417520e+01
4.677120748739412193e+01 2.358204912077435011e+01
4.677123607438167596e+01 2.358212626854216154e+01
4.677129580683235588e+01 2.358214920228891742e+01
4.677129773378513278e+01 2.358222543961940332e+01
4.677139042491415921e+01 2.358223834889807691e+01
4.677144352889506251e+01 2.358230064252398250e+01
4.677150545388303016e+01 2.358230594375763189e+01
4.677153780658148463e+01 2.358238766766138994e+01
4.677159932747957782e+01 2.358244159546207186e+01
4.677169292857892913e+01 2.358253979583771098e+01
4.677177693853468554e+01 2.358253988134026358e+01
4.677181222518829173e+01 2.358259339950424760e+01
4.677184544479960238e+01 2.358260683704332195e+01
4.677191902329919770e+01 2.358263350318032536e+01
4.677199625128589133e+01 2.358272147099368610e+01
4.677201011509778539e+01 2.358275931494958755e+01
4.677202490249653266e+01 2.358279767035663355e+01
4.677205633129559459e+01 2.358288905641223110e+01
4.677210364678338550e+01 2.358292879019197485e+01
4.677220326052989208e+01 2.358297310079059272e+01
4.677221129763337615e+01 2.358298739147409151e+01
4.677224184150787067e+01 2.358299819819598042e+01
4.677230677368167733e+01 2.358301814609407643e+01
4.677238677652236021e+01 2.358304975584706398e+01
4.677242287461421455e+01 2.358311511047624975e+01
4.677249344194971314e+01 2.358317667990969824e+01
4.677256569153956178e+01 2.358326116423447516e+01
4.677258532143987679e+01 2.358333429881164278e+01
4.677267505704093509e+01 2.358338734714360641e+01
4.677269475111093300e+01 2.358339682008892879e+01
4.677273607172964631e+01 2.358344125779316158e+01
4.677277881638814705e+01 2.358352814780879925e+01
4.677283577367202838e+01 2.358358795243700001e+01
4.677287773609099730e+01 2.358359467889829020e+01
4.677294992101184334e+01 2.358360713434237965e+01
4.677304258724028330e+01 2.358365016000974990e+01
4.677312842414686145e+01 2.358365530465331972e+01
4.677320573532243486e+01 2.358367931179531141e+01
4.677328926049740687e+01 2.358369760432974971e+01
4.677337039264213558e+01 2.358375967690521335e+01
4.677343235882317884e+01 2.358377837935899990e+01
4.677347322088899517e+01 2.358380732951507497e+01
4.677351970942078907e+01 2.358380801335717436e+01
4.677359839200278913e+01 2.358390342155129105e+01
4.677364933101780053e+01 2.358392705728280703e+01
4.677367810024828287e+01 2.358400661334876958e+01
4.677372713487859812e+01 2.358400962266037482e+01
4.677375190666937499e+01 2.358404613256262294e+01
4.677382401132466327e+01 2.358410549826339420e+01
4.677386023654916158e+01 2.358418823828671407e+01
4.677389228016929934e+01 2.358423310919349092e+01
4.677395799591408831e+01 2.358433122088009171e+01
4.677400719362093184e+01 2.358435819729337268e+01
4.677407686692623656e+01 2.358443963888606731e+01
4.677412999753327938e+01 2.358451711498684489e+01
4.677422059446899993e+01 2.358452157489938017e+01
4.677429446887233411e+01 2.358459819698192916e+01
4.677431031750294466e+01 2.358469166141423656e+01
4.677437759268275386e+01 2.358471619321711188e+01
4.677441540861660485e+01 2.358479478098707105e+01
4.677450754808072730e+01 2.358480368217931655e+01
4.677455021108850275e+01 2.358486491131139573e+01
4.677456726458634506e+01 2.358493479400448223e+01
4.677460545217215326e+01 2.358500442287953192e+01
4.677469846085112692e+01 2.358510185279551408e+01
4.677479123068567191e+01 2.358511774891100998e+01
4.677480231907311747e+01 2.358520268482567062e+01
4.677486543389490237e+01 2.358522121673400207e+01
4.677487884603061730e+01 2.358527965858833042e+01
4.677494685065166635e+01 2.358536812684923945e+01
4.677497130403405379e+01 2.358539188790950902e+01
4.677497574221445120e+01 2.358541154113562044e+01
4.677499253725274286e+01 2.358549442060400381e+01
4.677509131267153464e+01 2.358553778528282052e+01
4.677509819293977955e+01 2.358556741400494872e+01
4.677515521653135266e+01 2.358565749042569948e+01
4.677520157688730507e+01 2.358574951923080931e+01
4.677526364285802174e+01 2.358575579273696832e+01
4.677526686588138460e+01 2.358580568671974831e+01
4.677533230014231691e+01 2.358584479309484649e+01
4.677537729148745882e+01 2.358591711962786164e+01
4.677543971065448858e+01 2.358600707856265188e+01
4.677553640257662693e+01 2.358605128873238499e+01
4.677558099758757493e+01 2.358612137115007101e+01
4.677562276031213884e+01 2.358620218563844873e+01
4.677571767510766421e+01 2.358622966917577912e+01
4.677571961448231264e+01 2.358623419618121986e+01
4.677579839541755291e+01 2.358625578351405494e+01
4.677581541319113256e+01 2.358628904700607976e+01
4.677584914916431558e+01 2.358632159059051503e+01
4.677587178488013819e+01 2.358634252356904781e+01
4.677594468501832381e+01 2.358638694026485894e+01
4.677602866159740813e+01 2.358647521406737013e+01
4.677611192308738453e+01 2.358657489965886356e+01
4.677620159382043852e+01 2.358666694504339389e+01
4.677626441209841346e+01 2.358667935015060735e+01
4.677627531641343950e+01 2.358672059436978685e+01
4.677636800517017690e+01 2.358674380444967511e+01
4.677643992994624256e+01 2.358679945082609564e+01
4.677648477878974376e+01 2.358689115556562044e+01
4.677652963264618791e+01 2.358693966684170107e+01
4.677660838998242809e+01 2.358700448160484342e+01
4.677665891766455530e+01 2.358704402277264123e+01
4.677672933754062967e+01 2.358709260386941509e+01
4.677677976682105765e+01 2.358717549568559946e+01
4.677686845140012650e+01 2.358719241453162496e+01
4.677696128779518858e+01 2.358719430615576584e+01
4.677703132415755505e+01 2.358729340126846452e+01
4.677705804645702869e+01 2.358733938924231310e+01
4.677715724948479448e+01 2.358735272436046770e+01
4.677723770247375512e+01 2.358741429586959626e+01
4.677725412781294523e+01 2.358747161448723162e+01
4.677728578206693300e+01 2.358749981042880250e+01
4.677736305615786705e+01 2.358759969726826711e+01
4.677741190534241866e+01 2.358762442310216656e+01
4.677750219867341741e+01 2.358765210150616554e+01
4.677756619137882410e+01 2.358773383829462489e+01
4.677757561641798389e+01 2.358777992768064991e+01
4.677757643206583538e+01 2.358785899800164287e+01
4.677758359885242356e+01 2.358794301769161095e+01
4.677764289767024763e+01 2.358803396713045331e+01
4.677767612238293538e+01 2.358807926471515870e+01
4.677776640300652389e+01 2.358810582837431014e+01
4.677785211132032117e+01 2.358815014398568266e+01
4.677792866341547295e+01 2.358818112188439287e+01
4.677802504426371399e+01 2.358818754822513597e+01
4.677809823340329132e+01 2.358820092252561551e+01
4.677815564217068811e+01 2.358823136044635405e+01
4.677816376806310217e+01 2.358829026804617968e+01
4.677819594600495634e+01 2.358833722102848540e+01
4.677827316686106940e+01 2.358835302591449334e+01
4.677827872070721327e+01 2.358836208273455171e+01
4.677832296413822633e+01 2.358845198290341472e+01
4.677838219742424286e+01 2.358845833036341588e+01
4.677847937592554928e+01 2.358853394363303480e+01
4.677857073954384504e+01 2.358855145908001560e+01
4.677863996893501053e+01 2.358863587770879278e+01
4.677866374531186722e+01 2.358864609834060388e+01
4.677876360165945613e+01 2.358869718160069695e+01
4.677881582847960118e+01 2.358873336421760669e+01
4.677884976279352003e+01 2.358879649752089236e+01
4.677887488965716045e+01 2.358888135625390348e+01
4.677894694448187352e+01 2.358896805340450342e+01
4.677900729597670448e+01 2.358896871948085661e+01
4.677910352462214405e+01 2.358899342839162117e+01
4.677919215724796942e+01 2.358899429606623954e+01
4.677921121149635297e+01 2.358907384443551081e+01
4.677928185481305690e+01 2.358907736546205314e+01
4.677929822833015550e+01 2.358914897132050470e+01
4.677934297696860000e+01 2.358920256572327645e+01
4.677942937818082214e+01 2.358925178852584992e+01
4.677952252419862589e+01 2.358928258533678601e+01
4.677955232887438797e+01 2.358931684986093558e+01
4.677965212138514062e+01 2.358935312975059517e+01
4.677966365902176449e+01 2.358942271118587897e+01
4.677967359128012959e+01 2.358946246090848575e+01
4.677976692298719996e+01 2.358951978731557375e+01
4.677984992534818787e+01 2.358953554326544122e+01
4.677991934173664390e+01 2.358958937747188500e+01
4.678000152331077999e+01 2.358962088232802401e+01
4.678007272950874551e+01 2.358965735531879915e+01
4.678015713861362457e+01 2.358966820320841506e+01
4.678020518105736159e+01 2.358970443158342434e+01
4.678027983388649602e+01 2.358977820080324506e+01
4.678034386828907287e+01 2.358985184733782603e+01
4.678044365580445429e+01 2.358992170779714570e+01
4.678050291127444638e+01 2.359001999893236601e+01
4.678058516397631905e+01 2.359010187905009204e+01
4.678059297936648164e+01 2.359012664959774241e+01
4.678061874537404208e+01 2.359016987937890875e+01
4.678064443124345217e+01 2.359019072108090853e+01
4.678065247350400568e+01 2.359026831379830114e+01
4.678070031865563294e+01 2.359031113666360113e+01
4.678076656581591664e+01 2.359031259826678095e+01
4.678083241659177105e+01 2.359040764295896864e+01
4.678087884820122611e+01 2.359043917586960859e+01
4.678090121059499751e+01 2.359047662873274476e+01
4.678091826097596595e+01 2.359047923900415000e+01
4.678101701352505160e+01 2.359056879116765515e+01
4.678102315378112053e+01 2.359065567527002116e+01
4.678108514281277053e+01 2.359071974130386806e+01
4.678118454176232888e+01 2.359075658961396016e+01
4.678127537475005937e+01 2.359084272012166394e+01
4.678130465279301120e+01 2.359092793284688838e+01
4.678134084345784061e+01 2.359097666213026656e+01
4.678143528913994942e+01 2.359099637167121344e+01
4.678146128561355965e+01 2.359106004957897795e+01
4.678146565881655761e+01 2.359111854267144892e+01
4.678153464348422119e+01 2.359117858908925669e+01
4.678161812329371827e+01 2.359126077494464369e+01
4.678165932466447430e+01 2.359129467086933118e+01
4.678172681247926334e+01 2.359130975042617351e+01
4.678179490011638109e+01 2.359133688604404355e+01
4.678183082326420816e+01 2.359140292396130434e+01
4.678184315122916814e+01 2.359149831512386797e+01
4.678187343799178421e+01 2.359152632362765445e+01
4.678187475839748544e+01 2.359155782193847273e+01
4.678190659614245561e+01 2.359165777255605434e+01
4.678195820982710273e+01 2.359175224869920129e+01
4.678201234588599533e+01 2.359178959622279237e+01
4.678202496870408567e+01 2.359186877030810692e+01
4.678211417544852679e+01 2.359195834021909377e+01
4.678217354696020891e+01 2.359200580015831861e+01
4.678221682682007554e+01 2.359203802414713280e+01
4.678227829186329245e+01 2.359212213652228840e+01
4.678233428423153839e+01 2.359218634677074888e+01
4.678234773397531399e+01 2.359227799473586273e+01
4.678237902662800707e+01 2.359232438771545759e+01
4.678242854609332824e+01 2.359236251289270925e+01
4.678250595593621597e+01 2.359238503104747409e+01
4.678258186988391998e+01 2.359239579456665226e+01
4.678261873937050552e+01 2.359243687871711970e+01
4.678265540027614833e+01 2.359251819714505061e+01
4.678272607881080347e+01 2.359258631069691603e+01
4.678276335819698062e+01 2.359263424392082342e+01
4.678279111083506336e+01 2.359271700959892826e+01
4.678285199051178722e+01 2.359273195305665638e+01
4.678292416315284896e+01 2.359274223483800981e+01
4.678295931773802607e+01 2.359284041771581641e+01
4.678300944665927119e+01 2.359290712936507006e+01
4.678302892240306221e+01 2.359291837566810912e+01
4.678311105057227337e+01 2.359299703284685990e+01
4.678313725660249389e+01 2.359307681628816056e+01
4.678317430280342393e+01 2.359314845283182294e+01
4.678321196316028363e+01 2.359322681623655882e+01
4.678328201823160981e+01 2.359323405863468892e+01
4.678336374072932813e+01 2.359325781562089475e+01
4.678342752265611892e+01 2.359333503552401012e+01
4.678351893123882377e+01 2.359337464031605691e+01
4.678359736527561807e+01 2.359345473598109422e+01
4.678365557436541167e+01 2.359350106029323513e+01
4.678368320223788146e+01 2.359360047346038058e+01
4.678376275253115324e+01 2.359366103044694540e+01
4.678384059748157853e+01 2.359366188359242855e+01
4.678389562162787740e+01 2.359367033136207681e+01
4.678390888512510060e+01 2.359369640374351818e+01
4.678397841522376410e+01 2.359376708288422009e+01
4.678406610780471908e+01 2.359379630679013928e+01
4.678409386017630567e+01 2.359381785972420076e+01
4.678414063505245224e+01 2.359390434169768724e+01
4.678417214063807705e+01 2.359395723311221005e+01
4.678424238746813302e+01 2.359405102493032658e+01
4.678428521305161070e+01 2.359410211158480308e+01
4.678433276007069708e+01 2.359418514985928184e+01
4.678442016066243525e+01 2.359422659904622677e+01
4.678451805837295296e+01 2.359426901808206978e+01
4.678461461980273128e+01 2.359429180791531877e+01
4.678462756766040798e+01 2.359437668705412960e+01
4.678471538366294169e+01 2.359446708086565181e+01
4.678476106946536106e+01 2.359455527466640845e+01
4.678479842426448698e+01 2.359464942092088791e+01
4.678489669586498678e+01 2.359469707444262099e+01
4.678491064337670480e+01 2.359469757577923232e+01
4.678500467608564151e+01 2.359470183573809976e+01
4.678508262220244518e+01 2.359480133540062496e+01
4.678515763851205378e+01 2.359485734437860671e+01
4.678518220941247563e+01 2.359487794407765548e+01
4.678520877887392970e+01 2.359492025226495215e+01
4.678525832031722587e+01 2.359501003291035204e+01
4.678530630184206984e+01 2.359504284029551613e+01
4.678535968159356173e+01 2.359504898018383301e+01
4.678536065127102717e+01 2.359513988218472491e+01
4.678543575266598964e+01 2.359516997076510236e+01
4.678553004132658089e+01 2.359521419888134375e+01
4.678556334554497198e+01 2.359522950306761402e+01
4.678558631052359829e+01 2.359526963294510438e+01
4.678567547956142647e+01 2.359536823220968671e+01
4.678569574391693919e+01 2.359545287956300896e+01
4.678576845615004487e+01 2.359548694865064533e+01
4.678585758951103202e+01 2.359554395595406362e+01
4.678593919279515490e+01 2.359560605473491179e+01
4.678594006267125849e+01 2.359566896463568852e+01
4.678602692176588107e+01 2.359569937336959811e+01
4.678608088570946677e+01 2.359574336388009996e+01
4.678617540661600316e+01 2.359581982269722644e+01
4.678622422274132475e+01 2.359586910042835939e+01
4.678625413326092541e+01 2.359594863350416460e+01
4.678630350388942105e+01 2.359599457096220476e+01
4.678630697878690370e+01 2.359607781337053822e+01
4.678631339060692795e+01 2.359616923073878070e+01
4.678640993908370405e+01 2.359621230619148591e+01
4.678644590443089157e+01 2.359631131597084419e+01
4.678653967798739899e+01 2.359638021105659078e+01
4.678655037012561024e+01 2.359647352188002500e+01
4.678658766238193323e+01 2.359650829152395701e+01
4.678660655339743357e+01 2.359659789810271846e+01
4.678664744218776406e+01 2.359664666595437765e+01
4.678673608827859454e+01 2.359674501292612092e+01
4.678678669020074210e+01 2.359675257942812721e+01
4.678683355528339405e+01 2.359683260365366664e+01
4.678686868340126637e+01 2.359687946302184969e+01
4.678691703609538166e+01 2.359689774063295786e+01
4.678693919256954104e+01 2.359691826786643176e+01
4.678698936861913893e+01 2.359696294101180669e+01
4.678707126406798267e+01 2.359697068017273125e+01
4.678709317349174057e+01 2.359698601888973357e+01
4.678718935486249109e+01 2.359698675834866677e+01
4.678719827597412717e+01 2.359701068446481642e+01
4.678725289518293806e+01 2.359701331307228145e+01
4.678726854075983255e+01 2.359710604830562986e+01
4.678736643507125592e+01 2.359712171737362851e+01
4.678740114989567189e+01 2.359717066359899817e+01
4.678741518567252200e+01 2.359722895283537980e+01
4.678745824107146234e+01 2.359722936035303320e+01
4.678752717619500601e+01 2.359729065576334506e+01
4.678757148547990852e+01 2.359737693837013950e+01
4.678757992820230527e+01 2.359739201316823909e+01
4.678763416618449611e+01 2.359744037193306099e+01
4.678768634032130080e+01 2.359752434388665776e+01
4.678776883853122825e+01 2.359754379482167153e+01
4.678779802516539377e+01 2.359759664971348769e+01
4.678787941978638543e+01 2.359767691046207361e+01
4.678790978046134796e+01 2.359773455419637855e+01
4.678797558429402415e+01 2.359781199146128117e+01
4.678804607140776994e+01 2.359788476358717801e+01
4.678805326287167787e+01 2.359788622376474621e+01
4.678809959741570879e+01 2.359788727351323345e+01
4.678813104395588596e+01 2.359794385929308902e+01
4.678820430889361148e+01 2.359802502372071942e+01
4.678829896301415658e+01 2.359808312016031095e+01
4.678830162226054767e+01 2.359810349751419523e+01
4.678834778808132455e+01 2.359819062668075063e+01
4.678843526728410751e+01 2.359819910894513839e+01
4.678845452430443430e+01 2.359824953373809464e+01
4.678855367981510227e+01 2.359830827892873728e+01
4.678861530099963062e+01 2.359840133748291535e+01
4.678869941716220637e+01 2.359849990720756452e+01
4.678877420607828697e+01 2.359851428429886511e+01
4.678882610229518946e+01 2.359861286493148569e+01
4.678883126637982315e+01 2.359867694193059506e+01
4.678888002099203192e+01 2.359867821222234241e+01
4.678890563986873019e+01 2.359874456646698704e+01
4.678895287362156097e+01 2.359881506567458231e+01
4.678902494988103911e+01 2.359891100328118085e+01
4.678911645965808930e+01 2.359893648426648838e+01
4.678919828413210524e+01 2.359896283838045505e+01
4.678920891476494148e+01 2.359905778625515183e+01
4.678929447403711350e+01 2.359908958172949767e+01
4.678935949747743450e+01 2.359912030774599501e+01
4.678940234621754257e+01 2.359917614202272418e+01
4.678944112993796267e+01 2.359923231853571579e+01
4.678948173676640465e+01 2.359926347379935407e+01
4.678955397146872741e+01 2.359930344077838882e+01
4.678962565237261373e+01 2.359936150389547294e+01
4.678964295640442117e+01 2.359937477230872105e+01
4.678968536179929316e+01 2.359940418203223800e+01
4.678975676155825880e+01 2.359944421333463183e+01
4.678976868685536061e+01 2.359953950307383153e+01
4.678984054829596317e+01 2.359960814146751673e+01
4.678988559234375089e+01 2.359962123489455621e+01
4.678997958340838892e+01 2.359971960348448050e+01
4.679005281118868709e+01 2.359972902286164498e+01