4.676308564896878295e+01 2.357495770735074814e+01
4.676317479948575340e+01 2.357504919569473500e+01
4.676320327628385343e+01 2.357505452682194047e+01
4.676328752146768863e+01 2.357507541640834603e+01
4.676330663058112691e+01 2.357509307203742566e+01
4.676332966858196016e+01 2.357509533687806780e+01
4.676340594329938227e+01 2.357510885974274473e+01
4.676341764302422632e+01 2.357515425174302592e+01
4.676351052214814530e+01 2.357521711493095751e+01
4.676353982727118108e+01 2.357528464199149454e+01
4.676354038028802051e+01 2.357533336138107316e+01
4.676361062678709857e+01 2.357534566256902764e+01
4.676365040683536023e+01 2.357536685713915503e+01
4.676371784866962145e+01 2.357542154937180001e+01
4.676378715642874795e+01 2.357544614329370347e+01
4.676380845266667308e+01 2.357550719702862807e+01
4.676389492940393211e+01 2.357552164521428040e+01
4.676392962735952352e+01 2.357556587429411721e+01
4.676397365059569466e+01 2.357557544276489736e+01
4.676405463900771764e+01 2.357565189019958041e+01
4.676413068687825358e+01 2.357568017637698432e+01
4.676421930175696673e+01 2.357575545413168783e+01
4.676423518830527826e+01 2.357576220996458360e+01
4.676432744390447738e+01 2.357585990003358845e+01
4.676433686922121069e+01 2.357594055124152632e+01
4.676438942604561788e+01 2.357602414999338691e+01
4.676443212521823511e+01 2.357609488737867309e+01
4.676451685590351559e+01 2.357611881703121171e+01
4.676454142915784473e+01 2.357615417859800644e+01
4.676461246212452494e+01 2.357622471057167601e+01
4.676465835003455140e+01 2.357628862628844857e+01
4.676475294613508282e+01 2.357635550366542176e+01
4.676479087716504068e+01 2.357636696362505191e+01
4.676484430024981265e+01 2.357638414215243117e+01
4.676488489076541555e+01 2.357640997894510093e+01
4.676491027295910641e+01 2.357650346639312033e+01
4.676494693116306678e+01 2.357657565285714796e+01
4.676504336680334006e+01 2.357664176818542856e+01
4.676511838545918209e+01 2.357666524259488838e+01
4.676515816428246097e+01 2.357667589251849449e+01
4.676520174865490276e+01 2.357671034885924399e+01
4.676523723424480039e+01 2.357674514816499212e+01
4.676526458664780961e+01 2.357682498634181201e+01
4.676532058932709646e+01 2.357691766651386089e+01
4.676539177517703649e+01 2.357701028594164683e+01
4.676539348612287483e+01 2.357710806188605446e+01
4.676546410196367987e+01 2.357714406983718192e+01
4.676549701387936864e+01 2.357718539554435822e+01
4.676555011391129568e+01 2.357728267221614615e+01
4.676563381805406294e+01 2.357733665795556277e+01
4.676568216203469319e+01 2.357734422706534261e+01
4.676574888730997515e+01 2.357737801054058124e+01
4.676583239822515736e+01 2.357745140743194412e+01
4.676584515088383398e+01 2.357752229260752230e+01
4.676590752235424020e+01 2.357759851670432383e+01
4.676593156918584526e+01 2.357761086079197810e+01
4.676595627585628989e+01 2.357770076787474522e+01
4.676597710588033152e+01 2.357772606897689371e+01
4.676603690383298328e+01 2.357778225580504028e+01
4.676609959203880607e+01 2.357782576742957303e+01
4.676610528695860580e+01 2.357787562642892354e+01
4.676618684629978162e+01 2.357795657592544458e+01
4.676628345367264927e+01 2.357797480255908340e+01
4.676638231547049429e+01 2.357806031378368061e+01
4.676642499947772080e+01 2.357806613844349997e+01
4.676645287286029884e+01 2.357813587129879451e+01
4.676650403432810066e+01 2.357817244670183143e+01
4.676659956290248488e+01 2.357826092501343496e+01
4.676664890045855572e+01 2.357833759052820000e+01
4.676665204600281811e+01 2.357839996136423721e+01
4.676668599549215344e+01 2.357848053501354002e+01
4.676675695912715724e+01 2.357856787265288290e+01
4.676678687565896553e+01 2.357859433216057354e+01
4.676681634198689608e+01 2.357867809894593591e+01
4.676683857678686707e+01 2.357871097768876467e+01
4.676685239467464328e+01 2.357873758165219868e+01
4.676690331406516066e+01 2.357875603483513416e+01
4.676692200306970193e+01 2.357885105307844142e+01
4.676696193978439453e+01 2.357885899288704934e+01
4.676705454709954068e+01 2.357886464258196924e+01
4.676705531408956062e+01 2.357889323701387951e+01
4.676714354222995951e+01 2.357892809056986394e+01
4.676723306352862863e+01 2.357894045654736814e+01
4.676727423127371708e+01 2.357897136990364118e+01
4.676728176102236745e+01 2.357900911838815006e+01
4.676729625467307727e+01 2.357909714951663105e+01
4.676734383549522533e+01 2.357919213826796323e+01
4.676741038624125224e+01 2.357919410078929801e+01
4.676743498628491125e+01 2.357922992537637796e+01
4.676744795153188505e+01 2.357926295647814285e+01
4.676745276886071423e+01 2.357926954934765718e+01
4.676746482726858289e+01 2.357929562418109981e+01
4.676754723461938568e+01 2.357937428848687134e+01
4.676760528809127493e+01 2.357939421199800734e+01
4.676769953676716796e+01 2.357945363517896098e+01
4.676771825941698779e+01 2.357950143477550498e+01
4.676778011841253857e+01 2.357956072185530871e+01
4.676787196626575138e+01 2.357961541279925655e+01
4.676793536300244369e+01 2.357966439252017565e+01
4.676798081154591102e+01 2.357970490570639654e+01
4.676807177604151633e+01 2.357974252740936905e+01
4.676809903563286497e+01 2.357984202828467701e+01
4.676812498673213980e+01 2.357984829753084099e+01
4.676816966740329207e+01 2.357993925924261092e+01
4.676824613191273272e+01 2.358002516650836355e+01
4.676829972645681721e+01 2.358006711331586303e+01
4.676837316763830898e+01 2.358007527704451078e+01
4.676844340832085578e+01 2.358015465323418169e+01
4.676851628588338627e+01 2.358020087425126476e+01
4.676859444208241001e+01 2.358025877361083289e+01
4.676863355661550514e+01 2.358035609175508185e+01
4.676870807413135367e+01 2.358043909018888584e+01
4.676878295915437178e+01 2.358045463888652904e+01
4.676882898124066656e+01 2.358045845386950745e+01
4.676889824559881959e+01 2.358051285665627006e+01
4.676896782267492370e+01 2.358057760278191495e+01
4.676906704056892039e+01 2.358064022338191279e+01
4.676915389240702581e+01 2.358071642295114145e+01
4.676919825598353953e+01 2.358081548615194123e+01
4.676927872358408678e+01 2.358090728572363659e+01
4.676937140921596381e+01 2.358095665268615093e+01
4.676944276879145690e+01 2.358098299900860439e+01
4.676945081616358380e+01 2.358106562426587871e+01
4.676952801735990306e+01 2.358109870013793952e+01
4.676958374413632669e+01 2.358117649021770035e+01
4.676958927452577086e+01 2.358123175671001803e+01
4.676958990313197972e+01 2.358131876353008494e+01
4.676968301667718464e+01 2.358135937333509702e+01
4.676970804977749907e+01 2.358143723406626435e+01
4.676972235013607815e+01 2.358147312654078931e+01
4.676980097220783961e+01 2.358153008866085187e+01
4.676987849144902754e+01 2.358160446646624564e+01
4.676990785464860778e+01 2.358169329328880792e+01
4.676994214743272238e+01 2.358178897749501246e+01
4.676997269240595756e+01 2.358182308073230615e+01
4.676999147503608611e+01 2.358189554517468878e+01
4.677003827878901632e+01 2.358193475481772339e+01
4.677005768277166453e+01 2.358195298482364066e+01
4.677013622944129168e+01 2.358200850298105777e+01
4.677018742886145475e+01 2.358204409661124146e+01
4.677023490623778912e+01 2.358205268607475347e+01
4.677032148508225617e+01 2.358205459577878216e+01
4.677032604308057273e+01 2.358212077574111731e+01
4.677038498425250168e+01 2.358215984574915325e+01
4.677045704514738844e+01 2.358222850170220042e+01
4.677045937775406514e+01 2.358224329270736419e+01
4.677049395498813311e+01 2.358227293938912439e+01
4.677055356271721820e+01 2.358231482777437904e+01
4.677056876575424127e+01 2.358232540698978141e+01
4.677062302512491954e+01 2.358236866304996582e+01
4.677068383028969123e+01 2.358238060003942493e+01
4.677070135920365601e+01 2.358240452011869692e+01
4.677074189365365697e+01 2.358240718988282580e+01
4.677081994524917974e+01 2.358243831558883130e+01
4.677087063900016517e+01 2.358249369398770767e+01
4.677089343253981468e+01 2.358250107813391594e+01
4.677093644236760639e+01 2.358256838762176955e+01
4.677096846420692344e+01 2.358265185267767095e+01
4.677098674294948211e+01 2.358272394554591855e+01
4.677100122081050415e+01 2.358279560260283247e+01
4.677106272845185231e+01 2.358280089937805002e+01
4.677109058986437162e+01 2.358288737692698689e+01
4.677114561264384207e+01 2.358292959044876014e+01
4.677121296755421298e+01 2.358300715390674185e+01
4.677127770605260793e+01 2.358302511604695084e+01
4.677128291534538107e+01 2.358305428278751847e+01
4.677137497360217822e+01 2.358305967639408607e+01
4.677146324166007219e+01 2.358313737991990422e+01
4.677151089130262562e+01 2.358316590282065306e+01
4.677156135449362040e+01 2.358320565939310853e+01
4.677161277694256114e+01 2.358320845325329884e+01
4.677167235539022272e+01 2.358321789462133822e+01
4.677172451898160688e+01 2.358323974323532468e+01
4.677179358769428319e+01 2.358327631539216540e+01
4.677184900282519209e+01 2.358332626444810032e+01
4.677185406740225204e+01 2.358337070759514731e+01
4.677185841891375162e+01 2.358342739593643245e+01
4.677188056459196730e+01 2.358347902166827481e+01
4.677190821783640473e+01 2.358350023939271622e+01
4.677192438256443552e+01 2.358352302321429406e+01
4.677201972155562970e+01 2.358355971153200059e+01
4.677207644126811914e+01 2.358358189568751584e+01
4.677207967551439793e+01 2.358363432785486680e+01
4.677213781395033720e+01 2.358372762162226621e+01
4.677215006456158619e+01 2.358381983615007016e+01
4.677218449739262951e+01 2.358385053294928468e+01
4.677227250291868188e+01 2.358388202996802718e+01
4.677230593246699897e+01 2.358389714609545962e+01
4.677240423713336526e+01 2.358390929139513759e+01
4.677244049342807841e+01 2.358399994781110109e+01
4.677249283385035739e+01 2.358404281760854460e+01
4.677251847910921612e+01 2.358405453719107570e+01
4.677258341816547471e+01 2.358412540199655894e+01
4.677264227485041914e+01 2.358420351357578326e+01
4.677273475210773057e+01 2.358420842110760063e+01
4.677283358498356591e+01 2.358423604907476800e+01
4.677291041922384096e+01 2.358432732807000320e+01
4.677299943226994117e+01 2.358437395301550055e+01
4.677305382243802967e+01 2.358443374677890603e+01
4.677311700310787757e+01 2.358452353153276704e+01
4.677317432064010916e+01 2.358458787884443097e+01
4.677324096641017093e+01 2.358462926016166605e+01
4.677334033389170997e+01 2.358468243148634258e+01
4.677338607504858459e+01 2.358471948217424696e+01
4.677344081745107474e+01 2.358478705663970487e+01
4.677345140626417930e+01 2.358486173574491573e+01
4.677349509490252188e+01 2.358488082369339267e+01
4.677356229669075560e+01 2.358492737494624336e+01
4.677363076026098554e+01 2.358497622621800360e+01
4.677370707056766008e+01 2.358501326651137475e+01
4.677377028485373245e+01 2.358506965021619450e+01
4.677378799586279001e+01 2.358515143893519905e+01
4.677386938144447726e+01 2.358517427172840542e+01
4.677390143922307431e+01 2.358526766963290200e+01
4.677396356838572444e+01 2.358530737360381480e+01
4.677402781949508181e+01 2.358535423457770364e+01
4.677404713770424394e+01 2.358540353820697888e+01
4.677409583234953061e+01 2.358546495388022279e+01
4.677417859202240891e+01 2.358552290607418200e+01
4.677419022848899033e+01 2.358561202091872033e+01
4.677425287267435294e+01 2.358567591616024473e+01
4.677433552813055684e+01 2.358573890332998957e+01
4.677438342163353724e+01 2.358582671470002268e+01
4.677441350202592218e+01 2.358585474188245001e+01
4.677447882694225711e+01 2.358595061326798259e+01
4.677450811709248768e+01 2.358601272636587609e+01
4.677459242392641414e+01 2.358605560915449573e+01
4.677462077758289638e+01 2.358610947860663032e+01
4.677469883174511267e+01 2.358618426329762485e+01
4.677472920526624023e+01 2.358619111654228817e+01
4.677479847623585840e+01 2.358623450193874760e+01
4.677489509611096707e+01 2.358628565664584187e+01
4.677492409150480057e+01 2.358636873764530506e+01
4.677498251653305061e+01 2.358646140069058816e+01
4.677504909123515375e+01 2.358652635062350456e+01
4.677513009843222846e+01 2.358657184442599686e+01
4.677521606464969040e+01 2.358660174932944287e+01
4.677525710281111770e+01 2.358667993966843923e+01
4.677526247794687464e+01 2.358670240431157339e+01
4.677527339024248931e+01 2.358676611317476457e+01
4.677531823816946854e+01 2.358679458599867829e+01
4.677534584844960364e+01 2.358684481169462899e+01
4.677534699910896165e+01 2.358692392535163762e+01
4.677536965136104641e+01 2.358698006951475179e+01
4.677543637384901132e+01 2.358701186915126513e+01
4.677545090267637562e+01 2.358710148913472437e+01
4.677554811059292206e+01 2.358711887585845446e+01
4.677555131661593890e+01 2.358719368671807359e+01
4.677564827675497128e+01 2.358721417386802699e+01
4.677566199134430747e+01 2.358724103696065555e+01
4.677569504946513490e+01 2.358729563688705611e+01
4.677574997741836427e+01 2.358734307467913993e+01
4.677577258385586134e+01 2.358739654439311906e+01
4.677582963215255774e+01 2.358741831095098718e+01
4.677587507439612580e+01 2.358747553402405117e+01
4.677589932257179584e+01 2.358749484682370223e+01
4.677597760426267115e+01 2.358749520636206753e+01
4.677606762823494790e+01 2.358755552952741041e+01
4.677616287247958837e+01 2.358756830057630438e+01
4.677624505637479047e+01 2.358757682756603202e+01
4.677629102111884407e+01 2.358762925415519973e+01
4.677629356870315291e+01 2.358772015536189670e+01
4.677638367699619693e+01 2.358781577948249719e+01
4.677643522737988491e+01 2.358791573062944025e+01
4.677647105221929991e+01 2.358800227063052546e+01
4.677651461037167735e+01 2.358804503145405462e+01
4.677653966544166764e+01 2.358812496396673808e+01
4.677662170394460617e+01 2.358815446795330573e+01
4.677664748585623755e+01 2.358819077464244174e+01
4.677669789665394973e+01 2.358823292544080985e+01
4.677670580642918452e+01 2.358830511723972734e+01
4.677679950923690910e+01 2.358838033713362137e+01
4.677684950341401304e+01 2.358838666891529456e+01
4.677686533079291564e+01 2.358839859349127366e+01
4.677689396468405647e+01 2.358843776752621579e+01
4.677693739986465005e+01 2.358844347159874033e+01
4.677700118405486762e+01 2.358847978689285796e+01
4.677705971615245772e+01 2.358853164720952122e+01
4.677706551273168145e+01 2.358854236724295461e+01
4.677707752337554581e+01 2.358856376371633701e+01
4.677713509356446764e+01 2.358863872197593281e+01
4.677718861646302173e+01 2.358864376173707100e+01
4.677726789095157045e+01 2.358872897555268366e+01
4.677731033907851099e+01 2.358882366396238339e+01
4.677731388439699600e+01 2.358890633363417777e+01
4.677741130066382880e+01 2.358900437079726586e+01
4.677745065754147191e+01 2.358902721836281913e+01
4.677746414762281546e+01 2.358910592280095742e+01
4.677755292726448744e+01 2.358912949879690402e+01
4.677762853554136058e+01 2.358915508605263156e+01
4.677765385692340061e+01 2.358918849594838107e+01
4.677772272690301492e+01 2.358928225658363331e+01
4.677773606405293094e+01 2.358930102656504602e+01
4.677778071993129316e+01 2.358938403044358267e+01
4.677780220996749705e+01 2.358941862530957323e+01
4.677786326278219775e+01 2.358942673553541525e+01
4.677793896794927520e+01 2.358944435992247080e+01
4.677802971415260913e+01 2.358946612757605976e+01
4.677804837431271778e+01 2.358949013409345241e+01
4.677811636271552942e+01 2.358954990470902757e+01
4.677820799946322694e+01 2.358961668233192910e+01
4.677822890110345355e+01 2.358961956334180599e+01
4.677832407724286412e+01 2.358970982009238071e+01
4.677839306266725572e+01 2.358975919315915704e+01
4.677840975123937994e+01 2.358980450064825973e+01
4.677844520211802859e+01 2.358989877516067324e+01
4.677848511495859896e+01 2.358992489997146791e+01
4.677857535565505742e+01 2.358994566162548523e+01
4.677859278062407355e+01 2.358996903354789865e+01
4.677867351754271397e+01 2.359005716848296430e+01
4.677868960489923467e+01 2.359005880836226154e+01
4.677874790864263588e+01 2.359011205393957056e+01
4.677881372485893507e+01 2.359017624992454287e+01
4.677886973721400921e+01 2.359024425675598380e+01
4.677887208381170581e+01 2.359033992084599163e+01
4.677895774143231478e+01 2.359041927363627522e+01
4.677903109906488766e+01 2.359045293839167456e+01
4.677911944356905849e+01 2.359053112968078025e+01
4.677916002012270980e+01 2.359057154594260552e+01
4.677920689107828167e+01 2.359062338080948251e+01
4.677929714673025074e+01 2.359070957389623047e+01
4.677937560542888207e+01 2.359076283292469256e+01
4.677947369547760559e+01 2.359077096950879948e+01
4.677953942001730780e+01 2.359079517985191288e+01
4.677955935751904093e+01 2.359085798755342012e+01
4.677961942660613914e+01 2.359095666535566949e+01
4.677971344594800485e+01 2.359098751559537277e+01
4.677974715610868373e+01 2.359106786805893208e+01
4.677976208335787334e+01 2.359107519914681106e+01
4.677982016281526967e+01 2.359109677610631906e+01
4.677991097716368785e+01 2.359113287123214420e+01
4.677999402984576705e+01 2.359121337049882428e+01
4.678003918401637407e+01 2.359123673090542184e+01
4.678004620175455841e+01 2.359129565974259890e+01
4.678014388037318128e+01 2.359138278344280693e+01
4.678018500198465546e+01 2.359147626019293753e+01
4.678026424576886200e+01 2.359154158864260609e+01
4.678030413682013489e+01 2.359155854483343973e+01
4.678035534144100893e+01 2.359160759350182701e+01
4.678043169218656772e+01 2.359163570921290543e+01
4.678046652120881532e+01 2.359168369360015305e+01
4.678049899045350912e+01 2.359169710202696990e+01
4.678051836975873101e+01 2.359170986250803992e+01
4.678058655337896710e+01 2.359175673788186245e+01
4.678066060478896304e+01 2.359181192813973738e+01
4.678070402794801907e+01 2.359183592257561557e+01
4.678077866849296385e+01 2.359191406297354732e+01
4.678079624738244746e+01 2.359198191620359353e+01
4.678084178969400142e+01 2.359201540654041906e+01
4.678085651042317039e+01 2.359201790235785623e+01
4.678088184300469976e+01 2.359211628576134956e+01
4.678095634912949663e+01 2.359214936117683337e+01
4.678103596064801906e+01 2.359220471818325748e+01
4.678107534264370315e+01 2.359221455123977051e+01
4.678107570979317842e+01 2.359222164199740135e+01
4.678114430593296191e+01 2.359227470572752594e+01
4.678121801108128608e+01 2.359235358418539263e+01
4.678130281220803255e+01 2.359242938096304343e+01
4.678134579207778643e+01 2.359243281518176971e+01
4.678135534954142827e+01 2.359250158031665379e+01
4.678141107347454408e+01 2.359252983166613049e+01
4.678142751797285115e+01 2.359259985980404295e+01
4.678150253558867178e+01 2.359265204648857761e+01
4.678158794805197118e+01 2.359267742354173336e+01
4.678165900414841616e+01 2.359272990754119803e+01
4.678175649111256718e+01 2.359279807767954296e+01
4.678178017705473479e+01 2.359284642352615791e+01
4.678186343184592033e+01 2.359291213448420521e+01
4.678191566225775233e+01 2.359297726169527110e+01
4.678193121240626340e+01 2.359304331274400823e+01
4.678194832826608973e+01 2.359312613860342367e+01
4.678204195306174995e+01 2.359317559781412044e+01
4.678208364947297326e+01 2.359323066400868640e+01
4.678208896938785699e+01 2.359328738877937681e+01
4.678210193964128649e+01 2.359330799967315428e+01
4.678217572306562744e+01 2.359333537538103798e+01
4.678223100389818256e+01 2.359340836220174253e+01
4.678230839076663017e+01 2.359346211202575105e+01
4.678232984428815655e+01 2.359353749186164606e+01
4.678235034742299803e+01 2.359358008725563494e+01
4.678238824877876567e+01 2.359364203204199484e+01
4.678240783169153616e+01 2.359364646809477151e+01
4.678241551566154754e+01 2.359368569515872593e+01
4.678250842481656235e+01 2.359369140393898334e+01
4.678253344173594996e+01 2.359372422971959793e+01
4.678256528998203834e+01 2.359377191867338297e+01
4.678262255627503663e+01 2.359381784463381138e+01
4.678270075855917298e+01 2.359385192517877528e+01
4.678270271252554835e+01 2.359387727699176907e+01
4.678279507645279978e+01 2.359395616134348828e+01
4.678282053694386633e+01 2.359401596969472337e+01
4.678286734847485207e+01 2.359403934484942411e+01
4.678291984979998830e+01 2.359409730242587599e+01
4.678294627747225576e+01 2.359414312796232238e+01
4.678299556466653542e+01 2.359415843591320794e+01
4.678299563178545384e+01 2.359424624678208460e+01
4.678307762743865794e+01 2.359432840559867728e+01
4.678314664861930083e+01 2.359436001080598189e+01
4.678315516759944614e+01 2.359440286024262790e+01
4.678315997874000232e+01 2.359446532277980424e+01
4.678324842080628798e+01 2.359455037215645135e+01
4.678325498268620208e+01 2.359457388436876002e+01
4.678330105726347199e+01 2.359462550936639502e+01
4.678333090367159741e+01 2.359471455589368816e+01
4.678335717330900678e+01 2.359477234254872613e+01
4.678344308761560910e+01 2.359484240788323817e+01
4.678347430248752659e+01 2.359492451773479971e+01
4.678356744170950066e+01 2.359502218307433807e+01
4.678360390404139935e+01 2.359503762023799567e+01
4.678365328612770213e+01 2.359507364497698845e+01
4.678371603055638417e+01 2.359516800912251000e+01
4.678380656527259163e+01 2.359524349473943516e+01
4.678390650590148425e+01 2.359529246560087756e+01
4.678397129992416836e+01 2.359535629525774425e+01
4.678403341147902239e+01 2.359537164732489956e+01
4.678409037573295848e+01 2.359541520505053214e+01
4.678413860800264956e+01 2.359542029092907356e+01
4.678418515838068714e+01 2.359543960591178191e+01
4.678428136505505108e+01 2.359547855123594218e+01
4.678435673047744103e+01 2.359551921074164227e+01
4.678439428062963401e+01 2.359553042373665122e+01
4.678442148977685378e+01 2.359557307379194313e+01
4.678447625034524293e+01 2.359561612635443240e+01
4.678448433458751055e+01 2.359565491363311551e+01
4.678450242017169813e+01 2.359571170754404434e+01
4.678457777305280274e+01 2.359573127724583586e+01
4.678461084850948737e+01 2.359580367837108383e+01
4.678463968241556614e+01 2.359583412883499065e+01
4.678467761285956072e+01 2.359592745889716170e+01
4.678474526215219242e+01 2.359596256741675546e+01
4.678482947178905960e+01 2.359603252579480070e+01
4.678487654738369628e+01 2.359606861830298641e+01
4.678495997126297112e+01 2.359607040648269205e+01
4.678502979913320559e+01 2.359616161490093234e+01
4.678506113968320790e+01 2.359621688114716775e+01
4.678515546607169284e+01 2.359629753156911747e+01
4.678523908762663552e+01 2.359639193246203703e+01
4.678530419639467652e+01 2.359645475403646486e+01
4.678538762141079843e+01 2.359645967326911276e+01
4.678547844712997517e+01 2.359647623632700331e+01
4.678557472751236190e+01 2.359650160586820888e+01
4.678561450111577358e+01 2.359659197126316599e+01
4.678565821933119651e+01 2.359668894046260235e+01
4.678567145738261956e+01 2.359669241832446218e+01
4.678575622867315076e+01 2.359674882015868391e+01
4.678575668326772785e+01 2.359683174725055821e+01
4.678583460781200642e+01 2.359691936973223392e+01
4.678593301929650039e+01 2.359692098726681309e+01
4.678594094149028138e+01 2.359695004623094405e+01
4.678603336764537346e+01 2.359702576896568971e+01
4.678612050887078055e+01 2.359707284906354374e+01
4.678619980003517753e+01 2.359717252358296236e+01
4.678623172966806010e+01 2.359718048134140034e+01
4.678626333415301985e+01 2.359718408619089658e+01
4.678627620078151494e+01 2.359725769334349010e+01
4.678627700035838188e+01 2.359727823595201812e+01
4.678629616147296844e+01 2.359735293338389184e+01
4.678633282397794346e+01 2.359736510336886184e+01
4.678636160284612799e+01 2.359744719473082597e+01
4.678638141776499282e+01 2.359751278308930722e+01
4.678639356354894119e+01 2.359751580837339446e+01
4.678646911857343582e+01 2.359758258167756040e+01
4.678653251941265978e+01 2.359765937030831040e+01
4.678657423123934933e+01 2.359771605082918100e+01
4.678658481539892477e+01 2.359774211050017101e+01
4.678666040686781002e+01 2.359774387010930852e+01
4.678667529882757492e+01 2.359774589558093183e+01
4.678673353238433208e+01 2.359779171946483345e+01
4.678673660026694137e+01 2.359779431077967971e+01
4.678680507344881079e+01 2.359781230741661062e+01
4.678687593835397251e+01 2.359785051843396175e+01
4.678691891317032514e+01 2.359791059067316965e+01
4.678700253583446766e+01 2.359791238582903006e+01
4.678704076914122822e+01 2.359791911982725310e+01
4.678713735527389872e+01 2.359799977860473419e+01
4.678720430436594313e+01 2.359802854125633331e+01
4.678723476738817055e+01 2.359812319547473791e+01
4.678726456010910795e+01 2.359812926776718456e+01
4.678729986126611351e+01 2.359822132785445703e+01
4.678731659838221901e+01 2.359822318842448041e+01
4.678736915631702686e+01 2.359829934783275363e+01
4.678737911360966706e+01 2.359839594997497159e+01
4.678746932506234657e+01 2.359841162561047767e+01
4.678748659847732938e+01 2.359841290720287432e+01
4.678755674997170644e+01 2.359841845149176009e+01
4.678757773930551167e+01 2.359848559469379481e+01
4.678761119532343571e+01 2.359852121268457736e+01
4.678769889885663957e+01 2.359852772436664381e+01
4.678772214334838253e+01 2.359862263954868311e+01
4.678781470991253144e+01 2.359869283588601974e+01
4.678785238419868620e+01 2.359869947868842743e+01
4.678793388299870770e+01 2.359873745455675476e+01
4.678794067103718390e+01 2.359880840168256455e+01
4.678801856521988611e+01 2.359887242050057665e+01
4.678806358530221132e+01 2.359890277640404221e+01
4.678815390185638989e+01 2.359899850713411595e+01
4.678815620127119956e+01 2.359905577767140628e+01
4.678825030331584856e+01 2.359906922553108899e+01
4.678834318384894431e+01 2.359915302869216802e+01
4.678840913346601127e+01 2.359923389307571640e+01