4.676302783981525124e+01 2.357480914715009845e+01
4.676295538329956969e+01 2.357480761902118971e+01
4.676293053455857063e+01 2.357476487624814609e+01
4.676292439290516256e+01 2.357468705499793415e+01
4.676283072696203647e+01 2.357461686246969279e+01
4.676282917559264973e+01 2.357453169427521189e+01
4.676277567028653692e+01 2.357443805860265584e+01
4.676274801992494901e+01 2.357442408150774682e+01
4.676270512425693227e+01 2.357439001544755541e+01
4.676269314771629837e+01 2.357435057913912502e+01
4.676260240974838212e+01 2.357428995614696632e+01
4.676259133488724729e+01 2.357420352421792131e+01
4.676250033919919957e+01 2.357418572049033756e+01
4.676248276181649288e+01 2.357410916792121114e+01
4.676243489371618978e+01 2.357410304350379704e+01
4.676241977020306706e+01 2.357404853550739077e+01
4.676235935825543066e+01 2.357400008558114735e+01
4.676227076470788546e+01 2.357399426430059464e+01
4.676220671417962649e+01 2.357392502573654625e+01
4.676214224424637678e+01 2.357386292399603889e+01
4.676205572696491686e+01 2.357385182058444073e+01
4.676197750495200722e+01 2.357375787024951563e+01
4.676192202312081037e+01 2.357371575482860493e+01
4.676188416699340422e+01 2.357363173665421385e+01
4.676186316329613391e+01 2.357358334078935158e+01
4.676182859582920059e+01 2.357349322641584521e+01
4.676178616856756776e+01 2.357346380678167463e+01
4.676177590299116815e+01 2.357344145488010412e+01
4.676167723333179538e+01 2.357336539978287249e+01
4.676162309938690953e+01 2.357328393183859561e+01
4.676160058133761055e+01 2.357319166649996234e+01
4.676153203271615411e+01 2.357317891459736003e+01
4.676146557911417290e+01 2.357312152557719998e+01
4.676138147867725081e+01 2.357311376338622111e+01
4.676136767497064994e+01 2.357303373702741212e+01
4.676133028330449548e+01 2.357300752566783686e+01
4.676128247391238091e+01 2.357299829986054007e+01
4.676120860744139662e+01 2.357291705153213712e+01
4.676113114008584404e+01 2.357288260825735193e+01
4.676105635065164279e+01 2.357284422629960829e+01
4.676103360708405177e+01 2.357281269579821270e+01
4.676101695362913091e+01 2.357279179830343452e+01
4.676092278978461536e+01 2.357273761623311614e+01
4.676088748255298810e+01 2.357267267066878702e+01
4.676088668954152894e+01 2.357263611974821060e+01
4.676081705985146897e+01 2.357257084494189669e+01
4.676078233912252102e+01 2.357248816516797518e+01
4.676076498882671473e+01 2.357243545669675555e+01
4.676076111568208660e+01 2.357237676355714484e+01
4.676071123245504424e+01 2.357234703575896262e+01
4.676067883529844238e+01 2.357225286906999884e+01
4.676060900882432492e+01 2.357221560749095346e+01
4.676055684884929775e+01 2.357216987958402754e+01
4.676049270490402421e+01 2.357216162828057548e+01
4.676047101349010404e+01 2.357214148308647239e+01
4.676038449780433837e+01 2.357205148925863725e+01
4.676031010171853097e+01 2.357202225561708175e+01
4.676030034206217323e+01 2.357197067819792480e+01
4.676028291289992467e+01 2.357188301464373836e+01
4.676026296855594921e+01 2.357186270879239487e+01
4.676019393685663061e+01 2.357184312607082788e+01
4.676014211284370248e+01 2.357182091194002993e+01
4.676006519077381540e+01 2.357173462336734104e+01
4.676000558246230554e+01 2.357166622001199130e+01
4.675999078555206978e+01 2.357160217525027335e+01
4.675995988270780401e+01 2.357159774213827674e+01
4.675986599178786207e+01 2.357157680449584802e+01
4.675983107292394436e+01 2.357150388934757146e+01
4.675978398443269413e+01 2.357144249046935158e+01
4.675971111197894459e+01 2.357141019241494817e+01
4.675969721547008362e+01 2.357133322243504736e+01
4.675969008481016687e+01 2.357123447190274845e+01
4.675964344284675178e+01 2.357114650911474740e+01
4.675963592374037603e+01 2.357106653709255184e+01
4.675959865341379640e+01 2.357106427321560460e+01
4.675951311153391288e+01 2.357097428452538779e+01
4.675943612662202753e+01 2.357089546468602848e+01
4.675939388475223524e+01 2.357088776848692291e+01
4.675937364453192657e+01 2.357084642221845883e+01
4.675927721706793250e+01 2.357079211312834488e+01
4.675927515377468069e+01 2.357071532971481176e+01
4.675924828027937963e+01 2.357065533877436891e+01
4.675924435089333997e+01 2.357063979861126413e+01
4.675917390948604435e+01 2.357055777859760681e+01
4.675916918386742793e+01 2.357054990270045280e+01
4.675909207422866842e+01 2.357049182881153016e+01
4.675900846680919898e+01 2.357043112237365889e+01
4.675891258055374777e+01 2.357036964946214042e+01
4.675890210035309025e+01 2.357029565955561523e+01
4.675884909309812087e+01 2.357021375683208930e+01
4.675877700753418509e+01 2.357011529734988287e+01
4.675875989730864291e+01 2.357009593521835811e+01
4.675866091291041471e+01 2.357008573227784254e+01
4.675858813080927234e+01 2.357003722836811477e+01
4.675852392399363566e+01 2.356999210679569501e+01
4.675842500202085716e+01 2.356998845427114730e+01
4.675841532712975379e+01 2.356994962567890539e+01
4.675839207419547705e+01 2.356992716244442221e+01
4.675831210996485510e+01 2.356991220776784957e+01
4.675828232665403306e+01 2.356983929459434535e+01
4.675828074149371361e+01 2.356981170259737723e+01
4.675823220045776907e+01 2.356980808489999291e+01
4.675816133037504585e+01 2.356979191032915111e+01
4.675813431870786019e+01 2.356977402062620897e+01
4.675812731578604797e+01 2.356975218859104260e+01
4.675809852883382689e+01 2.356965725346318763e+01
4.675806447049349401e+01 2.356963171909571031e+01
4.675802162420664843e+01 2.356956219647882023e+01
4.675801959003624120e+01 2.356949784721780006e+01
4.675792522065516721e+01 2.356940660717806324e+01
4.675784203098417890e+01 2.356932094331532568e+01
4.675781151287822723e+01 2.356930852381645991e+01
4.675780875557879313e+01 2.356924766095650270e+01
4.675774207998548349e+01 2.356919393988307121e+01
4.675767884238074856e+01 2.356918005767552771e+01
4.675766641509375177e+01 2.356908860093096791e+01
4.675761985737327819e+01 2.356900614758693280e+01
4.675760130156596972e+01 2.356893485921944986e+01
4.675754628447851502e+01 2.356884582371790771e+01
4.675749129228233159e+01 2.356882266758981359e+01
4.675745006187167263e+01 2.356873509721422977e+01
4.675741341888517866e+01 2.356869660797599408e+01
4.675733531571214030e+01 2.356863086689869391e+01
4.675724411544305781e+01 2.356858729287763410e+01
4.675720707280427746e+01 2.356856932492589962e+01
4.675714283935422344e+01 2.356851688141349044e+01
4.675707537097689226e+01 2.356848087916040413e+01
4.675703058859696171e+01 2.356845169469020718e+01
4.675696724010251160e+01 2.356842782864612929e+01
4.675693327806322941e+01 2.356837454409713217e+01
4.675689259315532809e+01 2.356831273198072907e+01
4.675683992761658914e+01 2.356830040425043649e+01
4.675677284049933036e+01 2.356820412853741686e+01
4.675668145993630276e+01 2.356818957939204751e+01
4.675668026700719793e+01 2.356814217081885587e+01
4.675663172783146138e+01 2.356811635569689400e+01
4.675658910771367260e+01 2.356803290508670656e+01
4.675655810491387143e+01 2.356793933605776559e+01
4.675647983513974282e+01 2.356792961151084853e+01
4.675640246494272390e+01 2.356792529064521702e+01
4.675635574306498654e+01 2.356782738274164757e+01
4.675630064689394771e+01 2.356777868593226088e+01
4.675623935617915095e+01 2.356771974438250083e+01
4.675620087914364120e+01 2.356765298797888164e+01
4.675612549943290475e+01 2.356764589326240511e+01
4.675604585257568147e+01 2.356758680640772141e+01
4.675604241357876134e+01 2.356757028133953114e+01
4.675599535311910415e+01 2.356750593654325598e+01
4.675596718614021796e+01 2.356741534224213908e+01
4.675594899230376456e+01 2.356741347124506447e+01
4.675585886198948771e+01 2.356736084529553921e+01
4.675584752012220946e+01 2.356729299035672298e+01
4.675581491584122773e+01 2.356727659714892908e+01
4.675572916772888732e+01 2.356717992438983700e+01
4.675568177851126705e+01 2.356710416430102839e+01
4.675563494505193063e+01 2.356703419608474093e+01
4.675563385014514495e+01 2.356694457841155455e+01
4.675555166560723563e+01 2.356689573505090607e+01
4.675551568830662319e+01 2.356680900351197394e+01
4.675546969881997228e+01 2.356678181813034456e+01
4.675541413708535288e+01 2.356677683203318097e+01
4.675532990665735866e+01 2.356671423003400889e+01
4.675529169344238767e+01 2.356669262235558193e+01
4.675525970655463937e+01 2.356662764923612841e+01
4.675521389820996632e+01 2.356657749964026038e+01
4.675520044109668305e+01 2.356652193375793658e+01
4.675511805654599584e+01 2.356648878520590529e+01
4.675508371438036193e+01 2.356645763564464602e+01
4.675499366549167490e+01 2.356638989397563222e+01
4.675497575119323557e+01 2.356637290241425120e+01
4.675495030721693723e+01 2.356627877037360719e+01
4.675494255086658058e+01 2.356617953608204985e+01
4.675484614216923518e+01 2.356610362757717425e+01
4.675474672744737603e+01 2.356609827353358710e+01
4.675466294857510974e+01 2.356607967071525778e+01
4.675462861228532319e+01 2.356604508205183990e+01
4.675458838206530743e+01 2.356603623890551802e+01
4.675453748642183172e+01 2.356594660149600173e+01
4.675445181297279618e+01 2.356591341586075572e+01
4.675436391014399362e+01 2.356587367436274860e+01
4.675427706504400049e+01 2.356582765765482890e+01
4.675423379317130212e+01 2.356579613679439689e+01
4.675421010454549275e+01 2.356577999977297466e+01
4.675413612831628996e+01 2.356571404455943508e+01
4.675404759133704147e+01 2.356566270535441632e+01
4.675402202432825050e+01 2.356556895641536897e+01
4.675400733563131439e+01 2.356553426042993493e+01
4.675395161102756703e+01 2.356548428097958947e+01
4.675388401279752770e+01 2.356540975655049763e+01
4.675384524593402347e+01 2.356533712997453733e+01
4.675380221233727696e+01 2.356527842125504790e+01
4.675375159794032243e+01 2.356518813128150214e+01
4.675366336595084249e+01 2.356509430677764172e+01
4.675358772139124142e+01 2.356503015441995075e+01
4.675352424446386124e+01 2.356501110977261959e+01
4.675350485935230438e+01 2.356497496455804708e+01
4.675347044929450391e+01 2.356489443194909583e+01
4.675342514568902175e+01 2.356484300737255566e+01
4.675336396408214057e+01 2.356480805449805871e+01
4.675328452479908492e+01 2.356477533070911079e+01
4.675327726759807234e+01 2.356468295812235070e+01
4.675319309662221912e+01 2.356460616904147543e+01
4.675318540298786019e+01 2.356452605096099973e+01
4.675314789700857432e+01 2.356445452452971523e+01
4.675305015147797150e+01 2.356437436196224766e+01
4.675299857073438403e+01 2.356435087975944143e+01
4.675299141723138519e+01 2.356430733911474107e+01
4.675294692079347669e+01 2.356422593548125377e+01
4.675284878484683304e+01 2.356420003578139699e+01
4.675275548206428056e+01 2.356410387186950928e+01
4.675272558886542384e+01 2.356402967128563475e+01
4.675269296593258161e+01 2.356400062702671150e+01
4.675268725977810647e+01 2.356392653800449821e+01
4.675266087519057123e+01 2.356387854033446416e+01
4.675264808392709170e+01 2.356378513249258333e+01
4.675264770583030582e+01 2.356370140672064295e+01
4.675261518932455829e+01 2.356363735261457393e+01
4.675260803146532851e+01 2.356355168316523674e+01
4.675256279127337677e+01 2.356353138088442023e+01
4.675246642849670309e+01 2.356344658463535069e+01
4.675246376201086207e+01 2.356336114376699697e+01
4.675240921049308440e+01 2.356328062898151288e+01
4.675231670810614304e+01 2.356320504069637778e+01
4.675227634282937572e+01 2.356316129754180722e+01
4.675222411172263293e+01 2.356313919757648989e+01
4.675220440723309423e+01 2.356307961808746754e+01
4.675210534959480668e+01 2.356298173570858623e+01
4.675209643682646998e+01 2.356292065740975161e+01
4.675205115517456989e+01 2.356284664897764713e+01
4.675195549568510955e+01 2.356281404217926223e+01
4.675194300287621019e+01 2.356280897523418005e+01
4.675190513092923084e+01 2.356276549870414883e+01
4.675182611070633243e+01 2.356273326631764320e+01
4.675181019930733584e+01 2.356268430590384000e+01
4.675174757908751388e+01 2.356263437792950199e+01
4.675165542758960413e+01 2.356260539987308178e+01
4.675159767099658836e+01 2.356256992578828502e+01
4.675157354850142610e+01 2.356254007609596357e+01
4.675151544247145097e+01 2.356253581102097527e+01
4.675149888171567625e+01 2.356244784311064322e+01
4.675145135920688233e+01 2.356235645706876980e+01
4.675138935303213827e+01 2.356232452764473351e+01
4.675136800217345012e+01 2.356227781044184155e+01
4.675130823474371766e+01 2.356220995856267564e+01
4.675121809619944457e+01 2.356212090338145160e+01
4.675116756820167296e+01 2.356210096707143009e+01
4.675115352466214347e+01 2.356204297299760242e+01
4.675113946039622448e+01 2.356198743593832745e+01
4.675108309820589625e+01 2.356198313274013856e+01
4.675105621446181914e+01 2.356195063457020211e+01
4.675098347255471509e+01 2.356190918034296899e+01
4.675089633280530421e+01 2.356188334389273820e+01
4.675089369920512894e+01 2.356179311366736329e+01
4.675082470708113647e+01 2.356174587334887249e+01
4.675079624868798334e+01 2.356172072089995240e+01
4.675076077817384146e+01 2.356166903639407195e+01
4.675073744172986068e+01 2.356160986798385792e+01
4.675064236691756747e+01 2.356152796507041458e+01
4.675058789390997305e+01 2.356144967671929535e+01
4.675053634278545189e+01 2.356144965094881627e+01
4.675046504223342936e+01 2.356139116885135465e+01
4.675037916267883986e+01 2.356131057700677545e+01
4.675033048241595424e+01 2.356123845553239349e+01
4.675032840915194754e+01 2.356118222895605641e+01
4.675030048740313049e+01 2.356117607906756817e+01
4.675028914406193792e+01 2.356110503434569381e+01
4.675028744045486917e+01 2.356103769107967949e+01
4.675024947282140886e+01 2.356095116747910723e+01
4.675015794404031766e+01 2.356092467569564874e+01
4.675007185681815258e+01 2.356083564386632645e+01
4.675005091665775581e+01 2.356079186541861858e+01
4.674995776518661472e+01 2.356073539827637831e+01
4.674993243917219132e+01 2.356069485615577719e+01
4.674987167122915110e+01 2.356068754893459527e+01
4.674985138396513662e+01 2.356063413802441886e+01
4.674980127526197293e+01 2.356053712146275458e+01
4.674977717842148195e+01 2.356052779519096418e+01
4.674974912951736883e+01 2.356046470524651326e+01
4.674967861160124016e+01 2.356041531559797875e+01
4.674964088928066985e+01 2.356040142266228443e+01
4.674963475067747964e+01 2.356034749632470238e+01
4.674953959713018747e+01 2.356030713141501209e+01
4.674948192731177699e+01 2.356025046568790771e+01
4.674944257680726167e+01 2.356016596660968787e+01
4.674937851632620323e+01 2.356016139556578892e+01
4.674935855297297849e+01 2.356013681272209581e+01
4.674930247458620158e+01 2.356009732409712853e+01
4.674928657109835228e+01 2.356006654923485755e+01
4.674921246116511497e+01 2.356006582166232022e+01
4.674914437786504351e+01 2.356005004670570457e+01
4.674906201644375869e+01 2.356004381518892288e+01
4.674896967055888553e+01 2.355997916142587556e+01
4.674890303726030538e+01 2.355997644151261383e+01
4.674884649830155325e+01 2.355994019339689771e+01
4.674880738168578631e+01 2.355993355799159161e+01
4.674880512623258255e+01 2.355986251177590773e+01
4.674879826138930383e+01 2.355985523743094845e+01
4.674872760082533318e+01 2.355984415620509154e+01
4.674869721573565329e+01 2.355982932811663844e+01
4.674861372167487872e+01 2.355979558987359468e+01
4.674854433548286892e+01 2.355978209390403677e+01
4.674850008478733798e+01 2.355975813264001673e+01
4.674846885332571134e+01 2.355974564154757545e+01
4.674837315251681957e+01 2.355973003821876333e+01
4.674830047196883243e+01 2.355968230682502806e+01
4.674824284305523037e+01 2.355967548405668666e+01
4.674816533047425793e+01 2.355961268939914177e+01
4.674807488372253061e+01 2.355960447429787052e+01
4.674805180944370164e+01 2.355952573158965890e+01
4.674800348266001038e+01 2.355947935418405947e+01
4.674793565069795420e+01 2.355938011662663101e+01
4.674784523853937657e+01 2.355931713303578690e+01
4.674780665039770611e+01 2.355926847820844472e+01
4.674773057509714391e+01 2.355922567665345113e+01
4.674767905077299446e+01 2.355914324480664845e+01
4.674762791270642737e+01 2.355908058584470410e+01
4.674757065304027748e+01 2.355900565410270175e+01
4.674747656276776553e+01 2.355900426781233392e+01
4.674743673449950165e+01 2.355893811165277185e+01
4.674737076535306812e+01 2.355886162383734472e+01
4.674727816571698469e+01 2.355879464272114276e+01
4.674726352926544592e+01 2.355877969918425663e+01
4.674717189271764539e+01 2.355871624768087003e+01
4.674711741453474190e+01 2.355867623570835434e+01
4.674709809522574488e+01 2.355861193828703648e+01
4.674705306411340899e+01 2.355852374702283214e+01
4.674704663434805951e+01 2.355850888284206945e+01
4.674702457716529125e+01 2.355843819656126925e+01
4.674695303530689472e+01 2.355836149537919866e+01
4.674688302541677842e+01 2.355832636408991831e+01
4.674684838627365480e+01 2.355827543481552766e+01
4.674680907719712053e+01 2.355819980553832238e+01
4.674677447019208643e+01 2.355818144317048279e+01
4.674676725615891826e+01 2.355810183288704707e+01
4.674670658007033808e+01 2.355809540196370122e+01
4.674667565016227400e+01 2.355803473944684612e+01
4.674661019226092407e+01 2.355802779034669214e+01
4.674654382902205185e+01 2.355801898303902320e+01
4.674650701283675147e+01 2.355792325440876311e+01
4.674650354776962047e+01 2.355783532668683833e+01
4.674649099321509027e+01 2.355774879980218017e+01
4.674648264811741427e+01 2.355774246553797724e+01
4.674642740090965276e+01 2.355765115836133816e+01
4.674633760116773828e+01 2.355763852506529332e+01
4.674627306932778481e+01 2.355756571976819558e+01
4.674617759334527989e+01 2.355749005789133577e+01
4.674610361342611498e+01 2.355746391515270233e+01
4.674605137730465287e+01 2.355741421898062882e+01
4.674596885789841849e+01 2.355735734140622739e+01
4.674591823572756510e+01 2.355731501096317615e+01
4.674587246743300284e+01 2.355725721139675244e+01
4.674586400701317501e+01 2.355717120150467991e+01
4.674584083146168467e+01 2.355714518561513771e+01
4.674580618773322982e+01 2.355706981772668840e+01
4.674574723361745043e+01 2.355703353247822918e+01
4.674566718052979297e+01 2.355696546626928622e+01
4.674562028967758209e+01 2.355696468220683926e+01
4.674556232463742589e+01 2.355688601693575279e+01
4.674549506098896501e+01 2.355683081648944466e+01
4.674547598531744086e+01 2.355677026687552100e+01
4.674544497051687131e+01 2.355669413511702714e+01
4.674541871028677775e+01 2.355667602568846064e+01
4.674533135149649610e+01 2.355659517194821007e+01
4.674526096061607916e+01 2.355658515260076769e+01
4.674520863322549502e+01 2.355649546341327039e+01
4.674512529699922680e+01 2.355643331209402547e+01
4.674509320208263574e+01 2.355633350504965406e+01
4.674506405579469970e+01 2.355628600122533101e+01
4.674499416443921262e+01 2.355622603443456242e+01
4.674489842644878479e+01 2.355613233097018622e+01
4.674482551959258103e+01 2.355609138621892740e+01
4.674474478411834610e+01 2.355605855010049865e+01
4.674469413990266986e+01 2.355601909442520636e+01
4.674461665581475955e+01 2.355593419877378736e+01
4.674457177492045190e+01 2.355588609191831395e+01
4.674454376351688722e+01 2.355582991314843255e+01
4.674446234033290892e+01 2.355573928450587573e+01
4.674439917291101665e+01 2.355573300649848179e+01
4.674439569230809610e+01 2.355566513614177282e+01
4.674437044623471849e+01 2.355559677416216147e+01
4.674428106179286146e+01 2.355559564379973381e+01
4.674422291958993725e+01 2.355558346189445729e+01
4.674418102680909470e+01 2.355551365677372289e+01
4.674415322193471667e+01 2.355546724093621336e+01
4.674406421176450266e+01 2.355539359422661505e+01
4.674398209979620589e+01 2.355537535368324953e+01
4.674394812931055299e+01 2.355532961722997953e+01
4.674390033247070164e+01 2.355532888857046814e+01
4.674388330444782014e+01 2.355532455537405312e+01
4.674383425053255792e+01 2.355523090120907526e+01
4.674375156948938326e+01 2.355521833414835697e+01
4.674370029436953189e+01 2.355515264541217135e+01
4.674362838574929668e+01 2.355509583976717281e+01
4.674356200219665425e+01 2.355509305633362160e+01
4.674353624663501705e+01 2.355503619151875938e+01
4.674353303951318850e+01 2.355500614286754413e+01
4.674351926384068889e+01 2.355491318668896739e+01
4.674351437150651378e+01 2.355482081490072943e+01
4.674346374512931135e+01 2.355472343903284127e+01
4.674346327130262324e+01 2.355466363124295270e+01
4.674339970115097742e+01 2.355461907621690543e+01
4.674331702588912663e+01 2.355460355397796235e+01
4.674322686456964959e+01 2.355459464643064393e+01
4.674314408280594080e+01 2.355452077037268666e+01
4.674308021263461654e+01 2.355450451326955985e+01
4.674307159440200365e+01 2.355447471995214670e+01
4.674298193167366122e+01 2.355442436307731668e+01
4.674295067649806157e+01 2.355441859030303675e+01
4.674292808539563993e+01 2.355433123958532349e+01
4.674285718729101546e+01 2.355428476253005243e+01
4.674283667418426091e+01 2.355423090510346995e+01
4.674281368674757431e+01 2.355415868404401536e+01
4.674278482915581634e+01 2.355407563985873765e+01
4.674277642706837099e+01 2.355406059836712274e+01
4.674269783433834391e+01 2.355404596385279348e+01
4.674263865581308153e+01 2.355403335470566972e+01
4.674254171853791462e+01 2.355394377444923748e+01
4.674244527174057851e+01 2.355387701868241734e+01
4.674235358006593088e+01 2.355384521385352414e+01
4.674227264723487707e+01 2.355377673410744421e+01
4.674223846094125179e+01 2.355377269727581435e+01
4.674214612828680515e+01 2.355374204573682562e+01
4.674210509743890185e+01 2.355372411576198388e+01
4.674205147651683490e+01 2.355364526116245827e+01
4.674203397650175873e+01 2.355363112247934865e+01
4.674198476632667365e+01 2.355356893965327814e+01
4.674192646446204691e+01 2.355352586514913327e+01
4.674188767650097276e+01 2.355351713862729213e+01
4.674181740392143780e+01 2.355349101909672527e+01
4.674179324130781765e+01 2.355343575976999659e+01
4.674175149635203752e+01 2.355336694130467734e+01
4.674169694512553264e+01 2.355329373630306122e+01
4.674167967835436599e+01 2.355326050451411390e+01
4.674167962692887812e+01 2.355321986153527547e+01
4.674164054319044226e+01 2.355315778563270257e+01
4.674157893701090671e+01 2.355307391223975344e+01
4.674153608618139799e+01 2.355300800174711640e+01
4.674151582342248190e+01 2.355300263215543666e+01
4.674145939760538226e+01 2.355295788294275283e+01
4.674144907646876845e+01 2.355288917260219250e+01
4.674142269347632350e+01 2.355282812986726171e+01
4.674140275715796378e+01 2.355281510098428654e+01
4.674134508381703057e+01 2.355272123670927087e+01
4.674124534862909996e+01 2.355265690689767055e+01
4.674120511946337331e+01 2.355260399090074941e+01
4.674110572228023841e+01 2.355259114655423502e+01
4.674107457737132165e+01 2.355251960994780802e+01
4.674098345839604463e+01 2.355242233167877686e+01
4.674091458124577514e+01 2.355236542206825234e+01
4.674085928741912710e+01 2.355229186143024478e+01
4.674082379271475673e+01 2.355226850696182339e+01
4.674075175288064088e+01 2.355225705977190742e+01
4.674069038581503577e+01 2.355221489498818599e+01
4.674065508763965227e+01 2.355221469344030538e+01
4.674057895289298870e+01 2.355217981137899130e+01
4.674050587047127436e+01 2.355215249498265351e+01
4.674041523134778231e+01 2.355206207600077661e+01
4.674041120019111872e+01 2.355199652437357472e+01
4.674038836026716837e+01 2.355198951404766206e+01
4.674033103216817153e+01 2.355191380456126282e+01
4.674023360489796630e+01 2.355187937718024216e+01
4.674015884779883123e+01 2.355181041988788238e+01
4.674010057938108531e+01 2.355175971147081881e+01
4.674007672460389529e+01 2.355171583177224193e+01
4.674000119839224965e+01 2.355170216022083451e+01
4.673992849675717309e+01 2.355168157707789334e+01
4.673991470806524262e+01 2.355161789811646500e+01
4.673984671264176427e+01 2.355152796483628563e+01
4.673980792681598473e+01 2.355143274962812683e+01
4.673971083936520188e+01 2.355135449694545713e+01
4.673961748103607050e+01 2.355125708674364660e+01
4.673953577751908028e+01 2.355117089852752343e+01
4.673953222273410546e+01 2.355116098779526723e+01
4.673944879495922322e+01 2.355115271187270665e+01
4.673937340241759841e+01 2.355114516508979250e+01
4.673933613599956516e+01 2.355105879222188747e+01
4.673926336111149737e+01 2.355101034896067702e+01
4.673920021390870261e+01 2.355096196077107962e+01
4.673914418254401681e+01 2.355095927215854346e+01
4.673909742269559331e+01 2.355086137474840058e+01
4.673900945979932686e+01 2.355082926055930059e+01
4.673897667888355301e+01 2.355075020444807521e+01
4.673892593767244819e+01 2.355065057341688117e+01
4.673892434324027789e+01 2.355057614381087916e+01
4.673887325975358209e+01 2.355054975465775868e+01
4.673886041878942166e+01 2.355048918598658858e+01
4.673884941993428299e+01 2.355047899199635708e+01
4.673882495291180561e+01 2.355042458130584038e+01
4.673875404750751983e+01 2.355037959794967506e+01
4.673865958996152159e+01 2.355031497062654111e+01
4.673856041821903062e+01 2.355026471773562591e+01
4.673849620611519384e+01 2.355017538112159414e+01
4.673846885268682882e+01 2.355016451334163463e+01
4.673838240322064053e+01 2.355009277902915343e+01
4.673837985004080053e+01 2.355000595515862116e+01
4.673836164739061871e+01 2.354999190122859076e+01
4.673835819069110187e+01 2.354995574188566820e+01
4.673826676856116080e+01 2.354986372207674350e+01
4.673825363128059962e+01 2.354982538809914416e+01
4.673816484435413088e+01 2.354976809621453882e+01