4.676307085872061720e+01 2.357489138292440600e+01
4.676301239149123745e+01 2.357498648437614719e+01
4.676292357516387455e+01 2.357505314254915163e+01
4.676282869180582935e+01 2.357515139150058658e+01
4.676277232242169646e+01 2.357515742963173011e+01
4.676269441860672060e+01 2.357521010011088691e+01
4.676260480992626611e+01 2.357529211391287660e+01
4.676259305669369581e+01 2.357532526269773143e+01
4.676258805671027829e+01 2.357541934412014228e+01
4.676248930331759368e+01 2.357550578402365105e+01
4.676248150130999903e+01 2.357550707684229963e+01
4.676238474826639901e+01 2.357554798874612700e+01
4.676229117139272518e+01 2.357560028953665565e+01
4.676226702435987193e+01 2.357562164936366145e+01
4.676220277840509709e+01 2.357565631525443806e+01
4.676214771876889387e+01 2.357571552030600515e+01
4.676212803612919799e+01 2.357573501135214755e+01
4.676208688979617989e+01 2.357582800866403261e+01
4.676205032165627529e+01 2.357584991281769859e+01
4.676195109313712095e+01 2.357585916224959277e+01
4.676192087119277119e+01 2.357586401078020444e+01
4.676186210399640686e+01 2.357593006632220423e+01
4.676181826136156161e+01 2.357599121181319290e+01
4.676178263506177757e+01 2.357601216048326620e+01
4.676172030427949977e+01 2.357607690526678468e+01
4.676169224429581561e+01 2.357614240841828135e+01
4.676168082244605984e+01 2.357619575598137374e+01
4.676167224770328090e+01 2.357626208837163517e+01
4.676162907612997799e+01 2.357635592645159406e+01
4.676160372210528493e+01 2.357642588307759013e+01
4.676155694914235283e+01 2.357652371811114023e+01
4.676155331913051327e+01 2.357655357035060462e+01
4.676152956093917368e+01 2.357662333250932818e+01
4.676145929646698107e+01 2.357669654178530294e+01
4.676141582888693904e+01 2.357677395356947869e+01
4.676135596342975020e+01 2.357680746456345844e+01
4.676128242061733431e+01 2.357681229031721060e+01
4.676121944019837429e+01 2.357684261349396948e+01
4.676116001338737505e+01 2.357686319294970900e+01
4.676114186690482200e+01 2.357693328062901017e+01
4.676104817051849238e+01 2.357694281764184652e+01
4.676101133518822905e+01 2.357701809921511327e+01
4.676093254821763878e+01 2.357703095112839620e+01
4.676089018524719165e+01 2.357707378039500057e+01
4.676085843563264177e+01 2.357712196088886714e+01
4.676079916540282966e+01 2.357712730535486045e+01
4.676076791861286353e+01 2.357712863229084022e+01
4.676075856428160193e+01 2.357718592239010746e+01
4.676066025312809415e+01 2.357722080737433856e+01
4.676065474329882221e+01 2.357723859466205951e+01
4.676060909278167799e+01 2.357729321645565079e+01
4.676056387860605668e+01 2.357734592787565475e+01
4.676054490915102946e+01 2.357743389945618873e+01
4.676051347439633332e+01 2.357744867997887539e+01
4.676042826791121598e+01 2.357753107006048765e+01
4.676042003113812484e+01 2.357759333780440159e+01
4.676037098650697743e+01 2.357761405991598025e+01
4.676037055619840288e+01 2.357766726327563589e+01
4.676036149847748646e+01 2.357774967968972391e+01
4.676032423410024563e+01 2.357779434400801577e+01
4.676027126395969447e+01 2.357779478876415880e+01
4.676020986369121601e+01 2.357787196161396182e+01
4.676012031119815049e+01 2.357794667163942748e+01
4.676008054450170448e+01 2.357803400248475967e+01
4.676002550398599311e+01 2.357811443950251373e+01
4.675994236878339194e+01 2.357812555652629527e+01
4.675993416310005557e+01 2.357813386332214378e+01
4.675987979902112102e+01 2.357813727347393140e+01
4.675987561557997907e+01 2.357814762024890243e+01
4.675984308017277868e+01 2.357821314629046938e+01
4.675979435165510267e+01 2.357824703710801373e+01
4.675974969093245193e+01 2.357833766822583499e+01
4.675974539603289060e+01 2.357838710425438222e+01
4.675965921460988284e+01 2.357842159210131427e+01
4.675961230814350955e+01 2.357847332716229616e+01
4.675951764104953412e+01 2.357857123266275678e+01
4.675944555404297631e+01 2.357859208054237854e+01
4.675940593308999382e+01 2.357867356707122397e+01
4.675937192501704232e+01 2.357874375261856414e+01
4.675934694378062773e+01 2.357879152427935310e+01
4.675926429797031858e+01 2.357885129630401622e+01
4.675918856031152870e+01 2.357888344869165920e+01
4.675911468655631609e+01 2.357888517629963943e+01
4.675908697122935109e+01 2.357889122271176063e+01
4.675905714094463406e+01 2.357891114484753459e+01
4.675898181879507121e+01 2.357892256384031526e+01
4.675895412030497056e+01 2.357895185121038395e+01
4.675888049103573962e+01 2.357900860722326541e+01
4.675886275878721676e+01 2.357910520935534038e+01
4.675884056236829878e+01 2.357918901687826008e+01
4.675878272733412189e+01 2.357924772049635109e+01
4.675870937200379274e+01 2.357931816956761395e+01
4.675867644639755127e+01 2.357934085586464334e+01
4.675861454803101225e+01 2.357934643062764479e+01
4.675855088823240635e+01 2.357941501067119106e+01
4.675850269100966727e+01 2.357945464887177422e+01
4.675840914581371521e+01 2.357951586734774096e+01
4.675834470735178883e+01 2.357954033928038839e+01
4.675832154973610244e+01 2.357962124293176842e+01
4.675823448898950119e+01 2.357968515168791157e+01
4.675816053748721401e+01 2.357972272659173996e+01
4.675806071267169983e+01 2.357981554042594396e+01
4.675799567512875399e+01 2.357987754004296121e+01
4.675798876278880556e+01 2.357994463596283552e+01
4.675796858928620026e+01 2.357998332024508059e+01
4.675789757628675147e+01 2.358007675332738984e+01
4.675788612622837093e+01 2.358014011617991201e+01
4.675779480355355133e+01 2.358021556041421718e+01
4.675774463897975153e+01 2.358023180201170632e+01
4.675771902297022109e+01 2.358027439568160233e+01
4.675765152111994638e+01 2.358028254904539267e+01
4.675755226254222663e+01 2.358036725275682599e+01
4.675746661316800612e+01 2.358044283886401260e+01
4.675737127165503892e+01 2.358051971502227673e+01
4.675735677878652297e+01 2.358059226709274725e+01
4.675730507950953552e+01 2.358059624086160611e+01
4.675721382921753388e+01 2.358067885483585613e+01
4.675713795490998592e+01 2.358075391013243305e+01
4.675709382080629695e+01 2.358084028086924988e+01
4.675700382900954111e+01 2.358087792250825032e+01
4.675691250645074604e+01 2.358097601453018655e+01
4.675689474054310324e+01 2.358102771552898602e+01
4.675682412290065315e+01 2.358110880471664217e+01
4.675675872361992447e+01 2.358114431824533952e+01
4.675672712648867702e+01 2.358115058171946998e+01
4.675672673628560005e+01 2.358123386995981718e+01
4.675672021778099463e+01 2.358130094354423889e+01
4.675670336994823373e+01 2.358140060622950429e+01
4.675662121565247276e+01 2.358144677204357009e+01
4.675652565423261819e+01 2.358150786187443870e+01
4.675650690706896029e+01 2.358158975006620750e+01
4.675648779221460671e+01 2.358159936693497016e+01
4.675645833315955002e+01 2.358160109102800561e+01
4.675640940382054112e+01 2.358169068280378511e+01
4.675637527006234251e+01 2.358173878390975986e+01
4.675635665263543927e+01 2.358182531604490251e+01
4.675626933691840037e+01 2.358190011098468020e+01
4.675621695652061049e+01 2.358196416640274151e+01
4.675614109712308419e+01 2.358198813361304147e+01
4.675612265029570835e+01 2.358199054685564633e+01
4.675606805172932923e+01 2.358204932883344185e+01
4.675598457069352776e+01 2.358213605262581325e+01
4.675596164812546363e+01 2.358216355461906844e+01
4.675590083423714560e+01 2.358219890136588504e+01
4.675584899294833718e+01 2.358220815598681241e+01
4.675581838546457902e+01 2.358226858698952100e+01
4.675573689955091794e+01 2.358235416158108677e+01
4.675570665204749332e+01 2.358240906073264398e+01
4.675570218416778090e+01 2.358241165715600829e+01
4.675570124814294104e+01 2.358245038088669787e+01
4.675562855579419619e+01 2.358247346492048280e+01
4.675561329827354484e+01 2.358247400664738080e+01
4.675552839247639270e+01 2.358252939679793769e+01
4.675551817526372389e+01 2.358256713215493150e+01
4.675543825755784866e+01 2.358261056482683315e+01
4.675539515589601791e+01 2.358266724551881310e+01
4.675534988325570396e+01 2.358271078289826761e+01
4.675526460037244192e+01 2.358277495006988289e+01
4.675524169384636508e+01 2.358278537786043216e+01
4.675516024495353662e+01 2.358283533594438808e+01
4.675509027151406372e+01 2.358292403696893658e+01
4.675499105559418922e+01 2.358301421645074214e+01
4.675496095261429730e+01 2.358308011244757552e+01
4.675492266602345381e+01 2.358308380074707244e+01
4.675486691041144383e+01 2.358309091130578850e+01
4.675477445823766232e+01 2.358318005190288602e+01
4.675473455511428966e+01 2.358326064708800018e+01
4.675464885059145814e+01 2.358331273841356790e+01
4.675458544164896324e+01 2.358341266935669367e+01
4.675451206223186063e+01 2.358350083429370869e+01
4.675450777702771887e+01 2.358350550741815965e+01
4.675441910188628469e+01 2.358358241156333790e+01
4.675440627990209919e+01 2.358360377113042716e+01
4.675437336095875906e+01 2.358363286493804267e+01
4.675434525440604716e+01 2.358363899976887268e+01
4.675427676129891097e+01 2.358373497562633148e+01
4.675424930096175302e+01 2.358382184484568711e+01
4.675416216663055025e+01 2.358386377413064494e+01
4.675413710894722641e+01 2.358390401871579911e+01
4.675406744717570007e+01 2.358392863946125573e+01
4.675397833262508129e+01 2.358401072031514545e+01
4.675389476380060927e+01 2.358404020786168687e+01
4.675385791110127798e+01 2.358413102447426013e+01
4.675382314760857838e+01 2.358417326434230432e+01
4.675372538730655236e+01 2.358423028889951922e+01
4.675365474608192784e+01 2.358431173721794138e+01
4.675357231593092422e+01 2.358439961446746480e+01
4.675352058330357607e+01 2.358440497103211442e+01
4.675343583798184710e+01 2.358449548089167180e+01
4.675336268523385286e+01 2.358450078952003537e+01
4.675334994317199744e+01 2.358454569938657386e+01
4.675333102536652063e+01 2.358461250106402574e+01
4.675329573499197267e+01 2.358466280795558490e+01
4.675322722478143334e+01 2.358470002866622650e+01
4.675315602860614206e+01 2.358470734474359887e+01
4.675306923141933879e+01 2.358471381757210494e+01
4.675305725055222439e+01 2.358475203322815261e+01
4.675296551462960082e+01 2.358476437057990438e+01
4.675291105248843593e+01 2.358482096971302511e+01
4.675285755410646260e+01 2.358491131808785823e+01
4.675281572316115586e+01 2.358499829251584856e+01
4.675274044511474614e+01 2.358504082398303225e+01
4.675269205150780039e+01 2.358506472727146885e+01
4.675267134848773765e+01 2.358509937464576467e+01
4.675265229198880945e+01 2.358515464749575585e+01
4.675264817766638004e+01 2.358522619728711689e+01
4.675259985865235990e+01 2.358526068045015478e+01
4.675257230950360565e+01 2.358528219396465175e+01
4.675250837345654986e+01 2.358530737055949089e+01
4.675248792776433504e+01 2.358532560613827656e+01
4.675239302600382985e+01 2.358540686984631662e+01
4.675234961485190155e+01 2.358545239390134540e+01
4.675226543805097634e+01 2.358550954031836966e+01
4.675218412091651032e+01 2.358556049532317545e+01
4.675209437072658858e+01 2.358556787159201917e+01
4.675205515303640880e+01 2.358563100704917304e+01
4.675204178081496309e+01 2.358567361706561982e+01
4.675203321238711851e+01 2.358570469012151705e+01
4.675195330251520431e+01 2.358578042581624246e+01
4.675192390083498140e+01 2.358583523129297177e+01
4.675184769330405032e+01 2.358590085577451845e+01
4.675181842275222266e+01 2.358592063885997803e+01
4.675179696977212984e+01 2.358601451557071726e+01
4.675172464039572873e+01 2.358607275490812327e+01
4.675170677377061423e+01 2.358611569428268950e+01
4.675163997034739083e+01 2.358619921266102892e+01
4.675161394382986657e+01 2.358629264136272141e+01
4.675160702414879665e+01 2.358634043765956889e+01
4.675150891556337740e+01 2.358634390070155007e+01
4.675148654638591950e+01 2.358640180622813887e+01
4.675138870922688739e+01 2.358642978519969091e+01
4.675135021979567540e+01 2.358648032988364562e+01
4.675129539945290702e+01 2.358649090060427156e+01
4.675125874070870680e+01 2.358650493371850843e+01
4.675118329532508454e+01 2.358657608257660243e+01
4.675109830729671501e+01 2.358660892073836379e+01
4.675100959659363298e+01 2.358670273798411898e+01
4.675096643288218701e+01 2.358675198044148402e+01
4.675091437889071955e+01 2.358675542611786469e+01
4.675083743681844339e+01 2.358678739180491135e+01
4.675083073822864321e+01 2.358680283957465562e+01
4.675078334411229264e+01 2.358683661805927656e+01
4.675078094094767067e+01 2.358686191207800320e+01
4.675073183784072484e+01 2.358690987107753401e+01
4.675064506366119588e+01 2.358698845949999523e+01
4.675062572855060239e+01 2.358701883962637069e+01
4.675061841506184379e+01 2.358709528360994767e+01
4.675060922847959688e+01 2.358716548306536964e+01
4.675055515504515569e+01 2.358720657938895826e+01
4.675050573508574558e+01 2.358728105743724512e+01
4.675042591450364426e+01 2.358735514614840056e+01
4.675041919085970221e+01 2.358744277321908100e+01
4.675032049386354061e+01 2.358747751906487977e+01
4.675030704228774425e+01 2.358750223397320411e+01
4.675022048716290612e+01 2.358757584506525617e+01
4.675012556268128350e+01 2.358762055002563685e+01
4.675002845224784664e+01 2.358769830503841547e+01
4.674998121795547235e+01 2.358775443761366120e+01
4.674990204182491738e+01 2.358784966965365726e+01
4.674985590309708527e+01 2.358786942402712938e+01
4.674981465300417227e+01 2.358788386814690696e+01
4.674978736199162910e+01 2.358795034954777492e+01
4.674970891331673783e+01 2.358801218266426858e+01
4.674962919653884086e+01 2.358803904367583826e+01
4.674954111976656890e+01 2.358812415638614368e+01
4.674947277387458655e+01 2.358817458845499360e+01
4.674946642527989837e+01 2.358823364495093955e+01
4.674940062157948972e+01 2.358826880364911105e+01
4.674932906027491697e+01 2.358828674500752243e+01
4.674925595743658846e+01 2.358829264421969540e+01
4.674925198792895742e+01 2.358833572670891243e+01
4.674922689189413916e+01 2.358836360773150176e+01
4.674914542592796352e+01 2.358839060437514235e+01
4.674904985271651015e+01 2.358842316345080192e+01
4.674898142840059734e+01 2.358845556626409845e+01
4.674889957119560790e+01 2.358854219800523211e+01
4.674881751689682119e+01 2.358860930586420324e+01
4.674880994332725237e+01 2.358865089814940319e+01
4.674875947050829694e+01 2.358873603641190897e+01
4.674870520739834490e+01 2.358876545663899194e+01
4.674864727403517151e+01 2.358877680796837240e+01
4.674856174330974312e+01 2.358883229990293273e+01
4.674848777669362931e+01 2.358889145942676890e+01
4.674845922604281867e+01 2.358895830992013742e+01
4.674837145160840635e+01 2.358898677704428337e+01
4.674831531204624469e+01 2.358905369100557792e+01
4.674828531867032666e+01 2.358906284480868720e+01
4.674822000162167512e+01 2.358914670205425068e+01
4.674816283067440992e+01 2.358916459390090736e+01
4.674806420549148100e+01 2.358925042464100130e+01
4.674798560219287680e+01 2.358928747271844983e+01
4.674789640322322271e+01 2.358933648345812983e+01
4.674782090021641068e+01 2.358933882612850041e+01
4.674772801387815946e+01 2.358940416024661602e+01
4.674769911607772599e+01 2.358943874912837302e+01
4.674769213710320770e+01 2.358944558472659736e+01
4.674763426317460357e+01 2.358949480880995253e+01
4.674763048132285803e+01 2.358958401955145590e+01
4.674760295637781127e+01 2.358962516526357689e+01
4.674753108255163170e+01 2.358969963010967064e+01
4.674746800811689695e+01 2.358976347558020237e+01
4.674745359929633537e+01 2.358982344717632529e+01
4.674740037395606862e+01 2.358987221661095646e+01
4.674731668093274806e+01 2.358987626032605078e+01
4.674729477095070251e+01 2.358995394577266680e+01
4.674724606641646574e+01 2.359002281015582625e+01
4.674724086812020118e+01 2.359004882691187532e+01
4.674718002803230377e+01 2.359014338135051858e+01
4.674708579866644698e+01 2.359015310903609830e+01
4.674706073281342356e+01 2.359021475839897519e+01
4.674698412753176768e+01 2.359027937055244806e+01
4.674697970332328367e+01 2.359034683521002052e+01
4.674691931240251108e+01 2.359043667503592800e+01
4.674687337051157243e+01 2.359044234779576854e+01
4.674681945770852565e+01 2.359050906414546844e+01
4.674675746447890390e+01 2.359053932220315986e+01
4.674667245150142492e+01 2.359055101552899458e+01
4.674659541607631041e+01 2.359056773791429151e+01
4.674659339063796892e+01 2.359061805798011591e+01
4.674652569786968570e+01 2.359070640671198760e+01
4.674647750246626288e+01 2.359073086652613327e+01
4.674645505105223009e+01 2.359073199487373174e+01
4.674637719353842158e+01 2.359075799762359793e+01
4.674637255698662841e+01 2.359076551108663011e+01
4.674636055290801551e+01 2.359086297753770367e+01
4.674628333732485430e+01 2.359089045653000838e+01
4.674618724534153813e+01 2.359097139149903199e+01
4.674612220500281978e+01 2.359098678631313462e+01
4.674606702401352010e+01 2.359108515774503445e+01
4.674601238621741572e+01 2.359111814251760109e+01
4.674595374572781736e+01 2.359121543195416493e+01
4.674589298993600295e+01 2.359131510825603684e+01
4.674586967473651100e+01 2.359134052552863281e+01
4.674578330048868224e+01 2.359135677380746898e+01
4.674578150776531515e+01 2.359139450761632517e+01
4.674575960647393913e+01 2.359142472127703272e+01
4.674568588674569725e+01 2.359147564509773431e+01
4.674566484885146878e+01 2.359151268292253789e+01
4.674560951855114865e+01 2.359155065700179321e+01
4.674555481641458954e+01 2.359157177535549366e+01
4.674550447398586783e+01 2.359157762659232915e+01
4.674547494747590548e+01 2.359158992196524807e+01
4.674537977668306610e+01 2.359162834950761578e+01
4.674532968554329670e+01 2.359166115563564503e+01
4.674529861705008216e+01 2.359173055659172391e+01
4.674526259576025211e+01 2.359181509975524094e+01
4.674517717858125820e+01 2.359183900904806563e+01
4.674513955621652883e+01 2.359190484238109420e+01
4.674504228558865293e+01 2.359196154151362634e+01
4.674495023150019790e+01 2.359206070332077232e+01
4.674488319661813307e+01 2.359212282015699103e+01
4.674480925594157554e+01 2.359214283404162416e+01
4.674473715805201124e+01 2.359220198266037016e+01
4.674470332916066440e+01 2.359226947706951094e+01
4.674463884592248775e+01 2.359236134979823518e+01
4.674460496221171013e+01 2.359239824192940915e+01
4.674454945320017885e+01 2.359242573027526291e+01
4.674448873286142003e+01 2.359243718576596649e+01
4.674446364624952821e+01 2.359244694337424164e+01
4.674445623409149420e+01 2.359250582785846007e+01
4.674439296993070059e+01 2.359253826161341649e+01
4.674434629633739746e+01 2.359258409950133029e+01
4.674427367214306628e+01 2.359258870632837457e+01
4.674419857097520747e+01 2.359267502332386002e+01
4.674413202235242437e+01 2.359271406098581991e+01
4.674410766907933379e+01 2.359271811350389925e+01
4.674403127431302352e+01 2.359280578964344954e+01
4.674398659362997677e+01 2.359287865040199961e+01
4.674392127265107888e+01 2.359296093816711704e+01
4.674387071978083696e+01 2.359300442617341176e+01
4.674378685161600799e+01 2.359303404256479553e+01
4.674376471573403080e+01 2.359312536914493563e+01
4.674374131981555536e+01 2.359320356191478751e+01
4.674369560333001772e+01 2.359322978728591735e+01
4.674363705369889743e+01 2.359332315461186269e+01
4.674358306667780738e+01 2.359333682421684486e+01
4.674358115345227560e+01 2.359339674503936024e+01
4.674349169702560403e+01 2.359340974241771249e+01
4.674347067289858870e+01 2.359350120899539149e+01
4.674344023232755063e+01 2.359351935096847086e+01
4.674337261459481141e+01 2.359352430995162919e+01
4.674327634867737657e+01 2.359359198352760245e+01
4.674327042515429298e+01 2.359360951187674615e+01
4.674325424279803087e+01 2.359366209937105197e+01
4.674323067879612381e+01 2.359367646198152002e+01
4.674319519076062335e+01 2.359373260188569432e+01
4.674319213622457170e+01 2.359379585895207398e+01
4.674316475584303987e+01 2.359384364567710080e+01
4.674313192950311446e+01 2.359388882539758825e+01
4.674304206544024964e+01 2.359390333921358973e+01
4.674298082804364185e+01 2.359394069805436445e+01
4.674292464619454535e+01 2.359399596628869844e+01
4.674289346993680994e+01 2.359404360255125610e+01
4.674287657727032297e+01 2.359412637547920255e+01
4.674284595335346637e+01 2.359413965568991145e+01
4.674280674233659028e+01 2.359422669565429231e+01
4.674274182498304242e+01 2.359426925450879153e+01
4.674273094804598117e+01 2.359430407952100950e+01
4.674268661078295395e+01 2.359431066275022815e+01
4.674261809897323161e+01 2.359435126019814177e+01
4.674254407336445638e+01 2.359438058560077422e+01
4.674246814561198704e+01 2.359447019093845910e+01
4.674239741856943908e+01 2.359454766446743790e+01
4.674230476708090265e+01 2.359460659778228475e+01
4.674227868005842623e+01 2.359460940398365736e+01
4.674220800085156213e+01 2.359470358066789686e+01
4.674218906320746214e+01 2.359470396487546751e+01
4.674217390510910519e+01 2.359472577510474167e+01
4.674209839843339864e+01 2.359480632621683327e+01
4.674207830093675398e+01 2.359489278416026181e+01
4.674205462544140488e+01 2.359498068760114009e+01
4.674197968537436765e+01 2.359501275869273584e+01
4.674191626195307236e+01 2.359502837143944021e+01
4.674191541612405842e+01 2.359512667463054569e+01
4.674188286420652361e+01 2.359516730213337254e+01
4.674185444335862627e+01 2.359522741297071846e+01
4.674185409151951376e+01 2.359528637807379070e+01
4.674183143389259953e+01 2.359532209265727332e+01
4.674182624931768970e+01 2.359538180986011469e+01
4.674181043277564385e+01 2.359539840949078027e+01
4.674172447784342665e+01 2.359542063150165347e+01
4.674165584430957665e+01 2.359544161162930465e+01
4.674162572095022483e+01 2.359551010739268762e+01
4.674152982131445100e+01 2.359558649057952806e+01
4.674150730180315350e+01 2.359559646143629053e+01
4.674146302532754049e+01 2.359566584763949848e+01
4.674145136802105327e+01 2.359569793434056351e+01
4.674137546650804609e+01 2.359573927734389898e+01
4.674133760340638588e+01 2.359577476797878859e+01
4.674130166270413866e+01 2.359586525798221501e+01
4.674121321027547538e+01 2.359590559887482897e+01
4.674113659732289250e+01 2.359596062940745753e+01
4.674104182082108139e+01 2.359600068204942502e+01
4.674098713493752655e+01 2.359607291006494378e+01
4.674095428348876879e+01 2.359615103106755996e+01
4.674086532916209080e+01 2.359622720054623102e+01
4.674085834890744451e+01 2.359624826912802575e+01
4.674079877436879826e+01 2.359626873086552834e+01
4.674073197246747213e+01 2.359634007097108466e+01
4.674072563875038355e+01 2.359641800929568589e+01
4.674068333459105418e+01 2.359650919188252871e+01
4.674061265711264923e+01 2.359653184371770962e+01
4.674052083779356792e+01 2.359658772596991483e+01
4.674046375736731562e+01 2.359662304202372241e+01
4.674043438440369158e+01 2.359666038623755568e+01
4.674041924033966211e+01 2.359673448834114495e+01
4.674037557726095571e+01 2.359676301024377310e+01
4.674036268863800814e+01 2.359677553577285281e+01
4.674032769912886209e+01 2.359679526656080384e+01
4.674027059386055782e+01 2.359686564614752058e+01
4.674025651552487659e+01 2.359691368798551991e+01
4.674021957107662217e+01 2.359697226588402685e+01
4.674015331601900414e+01 2.359706675899576211e+01
4.674013560209257889e+01 2.359710565461884713e+01
4.674006228040374111e+01 2.359713615916300000e+01
4.674005395581642830e+01 2.359720892572153872e+01
4.674001466717274411e+01 2.359721317546750186e+01
4.673992773084835761e+01 2.359731112100715578e+01
4.673991324365156430e+01 2.359734692996367045e+01
4.673982086272058467e+01 2.359734966827181779e+01
4.673980973727063315e+01 2.359744619883919725e+01
4.673979136799158596e+01 2.359752480846241696e+01
4.673971395807124907e+01 2.359754299689262425e+01
4.673969567889475485e+01 2.359763596086686732e+01
4.673962769785872950e+01 2.359764492965190996e+01
4.673958634861675421e+01 2.359767303660025917e+01
4.673952374911658580e+01 2.359776659563091172e+01
4.673943393247205336e+01 2.359785262182688825e+01
4.673942011807833552e+01 2.359792976701271172e+01
4.673935145373107503e+01 2.359798916776068722e+01
4.673935005283917832e+01 2.359807383197545860e+01
4.673929762156459589e+01 2.359815853219016546e+01
4.673920978152378325e+01 2.359825182353445072e+01
4.673913203889689782e+01 2.359830747606496004e+01
4.673911444841597529e+01 2.359830802218181844e+01
4.673903813026916509e+01 2.359839838717458349e+01
4.673896057387445779e+01 2.359841321115458257e+01
4.673888036412309077e+01 2.359843462014978144e+01
4.673882483703997082e+01 2.359846615162695471e+01
4.673873553245275758e+01 2.359852339723944326e+01
4.673869780070084801e+01 2.359861895230027784e+01
4.673861553280976011e+01 2.359865094694602305e+01
4.673852712115814967e+01 2.359866718140558461e+01
4.673844824830997169e+01 2.359876204413302858e+01
4.673843797013882551e+01 2.359885035796650499e+01
4.673842637461289229e+01 2.359892923354783534e+01
4.673838452582867120e+01 2.359894249565409652e+01
4.673831834553015341e+01 2.359895135185547232e+01
4.673830944965065015e+01 2.359904167794906016e+01
4.673823666730963566e+01 2.359905710116404265e+01
4.673814576389693798e+01 2.359905761667208424e+01
4.673810258542368956e+01 2.359912277138219494e+01
4.673809529038839372e+01 2.359914277120351755e+01
4.673805499075147196e+01 2.359915049724012803e+01
4.673797721666433347e+01 2.359918917697685359e+01
4.673791268982540004e+01 2.359923972190269126e+01
4.673787303761264411e+01 2.359925682418366932e+01
4.673777640064354699e+01 2.359934669959246989e+01
4.673771392581315354e+01 2.359937583306417253e+01
4.673767757400056411e+01 2.359940156120118360e+01