4.676308745130705091e+01 2.357497123565794794e+01
4.676314993412125887e+01 2.357497555976391013e+01
4.676319392604493430e+01 2.357503350926870667e+01
4.676329245547857028e+01 2.357508623843782303e+01
4.676335353662184247e+01 2.357517832179418704e+01
4.676336951443930445e+01 2.357522780953715724e+01
4.676341614601363261e+01 2.357524582729502782e+01
4.676347852448910203e+01 2.357524965867241207e+01
4.676353644534754039e+01 2.357531440562954472e+01
4.676361567655541762e+01 2.357533955492274202e+01
4.676363158986142565e+01 2.357543795643324458e+01
4.676366790445730004e+01 2.357548395610903924e+01
4.676367530474927747e+01 2.357552261662820214e+01
4.676370254214499056e+01 2.357561820078026216e+01
4.676379755655536030e+01 2.357568000499556504e+01
4.676381550813852783e+01 2.357576902621859816e+01
4.676385067796758221e+01 2.357586598021891433e+01
4.676392701775719729e+01 2.357587621261461308e+01
4.676394357461403217e+01 2.357592124228330732e+01
4.676400781873113743e+01 2.357595952976340925e+01
4.676410718576930492e+01 2.357605738245533189e+01
4.676414034010184650e+01 2.357607943156665087e+01
4.676420927614891809e+01 2.357611599676201308e+01
4.676429055933056844e+01 2.357621488941416388e+01
4.676429264823846665e+01 2.357622346773849742e+01
4.676432905253442840e+01 2.357625202785694185e+01
4.676438073225894243e+01 2.357631572602171488e+01
4.676444184077871569e+01 2.357632338148860995e+01
4.676445908879636448e+01 2.357639309122022908e+01
4.676450471709192414e+01 2.357640815388767663e+01
4.676454516994147070e+01 2.357650021903034343e+01
4.676458879996816620e+01 2.357656172823660512e+01
4.676466514388670248e+01 2.357656374199723359e+01
4.676469743559850656e+01 2.357659158514675823e+01
4.676478100761662660e+01 2.357667928980525218e+01
4.676486062864738358e+01 2.357676302238747823e+01
4.676490170084708353e+01 2.357677996647878516e+01
4.676493768285403263e+01 2.357687210130702482e+01
4.676494655452286509e+01 2.357696013585254491e+01
4.676502136785369856e+01 2.357699856405468353e+01
4.676505590899169107e+01 2.357703372669511310e+01
4.676507948590413122e+01 2.357708066818874570e+01
4.676515031511647180e+01 2.357711454167360188e+01
4.676521659143293874e+01 2.357721144645755729e+01
4.676528344270576554e+01 2.357730944541026474e+01
4.676528724826708583e+01 2.357734664536416958e+01
4.676532318768854424e+01 2.357741426387175565e+01
4.676533232184361566e+01 2.357747111960840769e+01
4.676541854914339069e+01 2.357748927547696383e+01
4.676550583821712337e+01 2.357757334260179505e+01
4.676557918734848585e+01 2.357761635218577823e+01
4.676567874849292394e+01 2.357771447396204323e+01
4.676574070733460076e+01 2.357776880709366907e+01
4.676580064846254459e+01 2.357784799238259055e+01
4.676588400748791230e+01 2.357788975809554799e+01
4.676591142602394058e+01 2.357798354010281017e+01
4.676592688456440072e+01 2.357798447123610686e+01
4.676597497513687784e+01 2.357800471885624205e+01
4.676606642434266092e+01 2.357807408516988090e+01
4.676615481442803457e+01 2.357816099301911805e+01
4.676616842630755144e+01 2.357821114277044572e+01
4.676619164119124861e+01 2.357822566904803807e+01
4.676625802065008486e+01 2.357831655019063533e+01
4.676633499567996211e+01 2.357840632071131637e+01
4.676635185217099178e+01 2.357848757990967670e+01
4.676636163477334662e+01 2.357857678733808982e+01
4.676641701684719976e+01 2.357863291098937708e+01
4.676649506366950249e+01 2.357866265495271918e+01
4.676653199266665695e+01 2.357872040445558781e+01
4.676654196245078765e+01 2.357879514466308635e+01
4.676657246458913164e+01 2.357882306367855563e+01
4.676663313992366255e+01 2.357885371297238919e+01
4.676668234181188666e+01 2.357892670271010260e+01
4.676677983337172861e+01 2.357893729667534899e+01
4.676678938410111641e+01 2.357901513372683411e+01
4.676682329308117403e+01 2.357908709492017962e+01
4.676688655504923275e+01 2.357909668611997134e+01
4.676694265472233525e+01 2.357913703100287961e+01
4.676699091776862360e+01 2.357922169704397675e+01
4.676699341797193199e+01 2.357929222073803643e+01
4.676706354611739869e+01 2.357929849668948208e+01
4.676716156059241314e+01 2.357931045701892714e+01
4.676723522003813827e+01 2.357937542567234601e+01
4.676726483333222006e+01 2.357944806720140463e+01
4.676731932498357480e+01 2.357953741422233662e+01
4.676733527332709173e+01 2.357958104252760734e+01
4.676739701164643037e+01 2.357962800539198511e+01
4.676742781058486997e+01 2.357963875557978284e+01
4.676751915374683932e+01 2.357971631870539042e+01
4.676752800915384256e+01 2.357972043775285442e+01
4.676762561312669675e+01 2.357977974884180838e+01
4.676767809212642391e+01 2.357987902193343643e+01
4.676770080610870650e+01 2.357993974328059394e+01
4.676779158049517093e+01 2.357996614373555033e+01
4.676786033072770721e+01 2.358000852081246634e+01
4.676794213942407197e+01 2.358010265621710388e+01
4.676804135306998234e+01 2.358012064560534427e+01
4.676813293538230454e+01 2.358015348273207934e+01
4.676816924859036817e+01 2.358021434817005968e+01
4.676821310854336389e+01 2.358023029473348231e+01
4.676824441006604616e+01 2.358028669391178056e+01
4.676826198629942866e+01 2.358034406674093475e+01
4.676835765788765542e+01 2.358041238954813323e+01
4.676840140906055865e+01 2.358048359638824110e+01
4.676843231816189927e+01 2.358053852241738824e+01
4.676852550453131130e+01 2.358056119352442437e+01
4.676857258704009723e+01 2.358056333738250387e+01
4.676863578443359160e+01 2.358064389739286426e+01
4.676869957175490100e+01 2.358070829620153219e+01
4.676875577736456790e+01 2.358075895877550110e+01
4.676876540559897677e+01 2.358079909347835468e+01
4.676879798768057128e+01 2.358080855598615599e+01
4.676880831917385706e+01 2.358084068400801669e+01
4.676885284077841476e+01 2.358092536420754470e+01
4.676886076489984845e+01 2.358096020916824997e+01
4.676892806039071360e+01 2.358103693024209591e+01
4.676897837694549764e+01 2.358110202546541601e+01
4.676901233890335874e+01 2.358119487379259738e+01
4.676906106995370749e+01 2.358129478834364434e+01
4.676909861367566634e+01 2.358134242537461489e+01
4.676916350358823848e+01 2.358138380606531115e+01
4.676924496987892610e+01 2.358139186011690924e+01
4.676933586329379011e+01 2.358146230255129439e+01
4.676935852188933751e+01 2.358152950978189111e+01
4.676945430795159098e+01 2.358162061594894610e+01
4.676955148627239112e+01 2.358169234509628254e+01
4.676960219805722119e+01 2.358178451674311660e+01
4.676966557287082082e+01 2.358182988488221810e+01
4.676969184309181315e+01 2.358192931040225204e+01
4.676975163345580455e+01 2.358194439368936557e+01
4.676979133603676786e+01 2.358200838411989153e+01
4.676984395352210555e+01 2.358203349132566728e+01
4.676987361085341632e+01 2.358206037199683536e+01
4.676996185791432481e+01 2.358210435932316784e+01
4.677002814946614251e+01 2.358214692809127300e+01
4.677009814566538637e+01 2.358216553538093407e+01
4.677019173955995512e+01 2.358219475415870292e+01
4.677021641200934710e+01 2.358221833226454933e+01
4.677029634258903457e+01 2.358231095092483187e+01
4.677030667709431810e+01 2.358238476489200863e+01
4.677034758543026527e+01 2.358245161399198508e+01
4.677043567209513242e+01 2.358254462312904209e+01
4.677045773333554735e+01 2.358257267419775616e+01
4.677054215223372324e+01 2.358263374649918021e+01
4.677054994892823458e+01 2.358263436043416306e+01
4.677060446738254740e+01 2.358263497110779738e+01
4.677063837010805258e+01 2.358266316552862563e+01
4.677066972185713212e+01 2.358272598426607658e+01
4.677070020101270131e+01 2.358276491974160294e+01
4.677073426017391711e+01 2.358281287083536171e+01
4.677082068860536168e+01 2.358284348294871435e+01
4.677084825172487115e+01 2.358289308621517222e+01
4.677093174165916878e+01 2.358296717108233409e+01
4.677097299754895943e+01 2.358300526873508929e+01
4.677105800822670290e+01 2.358304443060601585e+01
4.677107581779345935e+01 2.358309732957444993e+01
4.677112276050581841e+01 2.358316309740263605e+01
4.677115226687531901e+01 2.358317369983758027e+01
4.677124800455249698e+01 2.358321690567800744e+01
4.677128649412333061e+01 2.358323326142564724e+01
4.677134806468406936e+01 2.358332263531485395e+01
4.677142218705493804e+01 2.358333106866762563e+01
4.677146851616074485e+01 2.358334136398347525e+01
4.677154071236059707e+01 2.358335377944867872e+01
4.677162957320826564e+01 2.358338862458497331e+01
4.677169423332294684e+01 2.358344600336282681e+01
4.677174532876473734e+01 2.358350917144186809e+01
4.677179883927139770e+01 2.358357271474486794e+01
4.677183088684528656e+01 2.358366939365663484e+01
4.677187231632262865e+01 2.358370080331580709e+01
4.677192382275043769e+01 2.358372165292934497e+01
4.677198458967234984e+01 2.358373966487782880e+01
4.677203935979017047e+01 2.358376350812226008e+01
4.677210887017857033e+01 2.358381910585725905e+01
4.677212469037365850e+01 2.358388803150236157e+01
4.677216224308701698e+01 2.358397987062782875e+01
4.677217293393177755e+01 2.358400577233233264e+01
4.677217704990138714e+01 2.358403334709632304e+01
4.677221052522149591e+01 2.358403813573365326e+01
4.677225580828506679e+01 2.358407595812881041e+01
4.677235328547605775e+01 2.358414661730025230e+01
4.677237391321391158e+01 2.358423921271306867e+01
4.677238093858696999e+01 2.358426526571977178e+01
4.677239374093341695e+01 2.358427118573915493e+01
4.677240636392374284e+01 2.358431887091805024e+01
4.677250588590199243e+01 2.358439041708677664e+01
4.677251057829423075e+01 2.358443702511527817e+01
4.677258431252608517e+01 2.358445814011977149e+01
4.677267295035133543e+01 2.358446633568212647e+01
4.677270311724738860e+01 2.358452977203313594e+01
4.677279691551591867e+01 2.358460059268399434e+01
4.677283596117698039e+01 2.358469798105249637e+01
4.677287624320740633e+01 2.358478249147887951e+01
4.677295388171806678e+01 2.358478342691241991e+01
4.677296228326949290e+01 2.358487937989526628e+01
4.677298131490170618e+01 2.358494165108620422e+01
4.677299174404405591e+01 2.358497093650419174e+01
4.677304663732132894e+01 2.358502099265718499e+01
4.677308119705443801e+01 2.358508178845998060e+01
4.677315256174881597e+01 2.358517406261063698e+01
4.677324434274950704e+01 2.358522624949950597e+01
4.677325052466974142e+01 2.358529999766835772e+01
4.677328229601254606e+01 2.358536792951638006e+01
4.677330647478015635e+01 2.358546180296384165e+01
4.677331254672846228e+01 2.358552757363981200e+01
4.677339244001391450e+01 2.358554684595761941e+01
4.677340434622075804e+01 2.358563562773943545e+01
4.677341288815389930e+01 2.358570347636664621e+01
4.677344002572406367e+01 2.358572864263810942e+01
4.677346815028570859e+01 2.358579304317944292e+01
4.677348568984822208e+01 2.358588097395035632e+01
4.677348907320777016e+01 2.358589926674404680e+01
4.677357478863358864e+01 2.358591796222296466e+01
4.677364337529238725e+01 2.358596714176067977e+01
4.677372626242789977e+01 2.358598625476614075e+01
4.677381458616307697e+01 2.358606312747146916e+01
4.677386862491633224e+01 2.358608040730107547e+01
4.677386970370938002e+01 2.358611751205811302e+01
4.677389510993941713e+01 2.358614051588234872e+01
4.677398675462637101e+01 2.358621137348598751e+01
4.677402763113994411e+01 2.358627429139240661e+01
4.677405683904598277e+01 2.358630218695856939e+01
4.677411140388449695e+01 2.358632649889549526e+01
4.677419403284591937e+01 2.358633343688107331e+01
4.677421596747726085e+01 2.358636074461109189e+01
4.677426699706391844e+01 2.358644040660186292e+01
4.677436269265792390e+01 2.358649822696235532e+01
4.677442915718287964e+01 2.358655902915090508e+01
4.677448543285297688e+01 2.358661290494706364e+01
4.677454069305864692e+01 2.358661917137931141e+01
4.677454645475658879e+01 2.358662055190113449e+01
4.677456488051782202e+01 2.358670626935463588e+01
4.677459786723763102e+01 2.358675566461297635e+01
4.677467407487330320e+01 2.358678667574882226e+01
4.677473972135354785e+01 2.358680442327077742e+01
4.677482687811549766e+01 2.358688065000253431e+01
4.677486606745538467e+01 2.358688675496304299e+01
4.677487429081656245e+01 2.358689131828933938e+01
4.677494625214787760e+01 2.358696050662839028e+01
4.677498138019125662e+01 2.358701722494105724e+01
4.677500010281050891e+01 2.358702629348848490e+01
4.677509246428569156e+01 2.358705762162679420e+01
4.677514231429288571e+01 2.358714201389345178e+01
4.677518089069973684e+01 2.358716818448711905e+01
4.677518957564659274e+01 2.358726443296536246e+01
4.677523470513737891e+01 2.358732716818690989e+01
4.677526799229512022e+01 2.358738461733689817e+01
4.677531734237133776e+01 2.358743564528431236e+01
4.677534960670319464e+01 2.358751189881553501e+01
4.677539085264159979e+01 2.358760131023108286e+01
4.677547015271675690e+01 2.358767018121939074e+01
4.677547587724224343e+01 2.358769265240248814e+01
4.677548535749421887e+01 2.358774319451305246e+01
4.677556751887608044e+01 2.358783310527470078e+01
4.677561622950742048e+01 2.358787835678973011e+01
4.677571309183357329e+01 2.358796876460190006e+01
4.677573157352638589e+01 2.358801352743623525e+01
4.677573372422859421e+01 2.358802155905468823e+01
4.677581654812930623e+01 2.358805150472586831e+01
4.677589432683527093e+01 2.358811313327990788e+01
4.677597015354966459e+01 2.358813174982823213e+01
4.677602629381389931e+01 2.358820024863032216e+01
4.677611926824926059e+01 2.358820145445177019e+01
4.677620019564935916e+01 2.358829504866731241e+01
4.677621270234769923e+01 2.358836893922992317e+01
4.677630648299481919e+01 2.358844240246544643e+01
4.677640432342847987e+01 2.358850946906084189e+01
4.677649713448859359e+01 2.358859787335483205e+01
4.677655647068753098e+01 2.358866555024038547e+01
4.677657042760350947e+01 2.358876186850116241e+01
4.677666102088732458e+01 2.358877304338412628e+01
4.677675345953260688e+01 2.358883453286247800e+01
4.677681696223949359e+01 2.358888453391032414e+01
4.677684278545801533e+01 2.358895878556839065e+01
4.677692055614735267e+01 2.358899903748422844e+01
4.677692092220458875e+01 2.358908583311234963e+01
4.677699363963802170e+01 2.358909753297281142e+01
4.677702916379065812e+01 2.358916368837620681e+01
4.677705293733971104e+01 2.358918539833229389e+01
4.677711860849345982e+01 2.358919232717585857e+01
4.677716537154591947e+01 2.358924851050581140e+01
4.677718775568757081e+01 2.358925810815934199e+01
4.677721465623044139e+01 2.358930745957339425e+01
4.677729369345833987e+01 2.358932650874294978e+01
4.677731422410406026e+01 2.358932690439327828e+01
4.677735758430360846e+01 2.358936161327226344e+01
4.677738768504662659e+01 2.358938605059976013e+01
4.677742167689554975e+01 2.358948027905194067e+01
4.677750097183982092e+01 2.358950869826574603e+01
4.677752570599621151e+01 2.358954641926404605e+01
4.677753568439172227e+01 2.358963474393875259e+01
4.677763299047732914e+01 2.358973080829245461e+01
4.677772115681528931e+01 2.358982899087163432e+01
4.677778549867506541e+01 2.358991216996300366e+01
4.677784490209912605e+01 2.358999598524573571e+01
4.677784722366976666e+01 2.359005236682570583e+01
4.677786370695136497e+01 2.359006118223903314e+01
4.677792637292600375e+01 2.359008238646286770e+01
4.677802344224352993e+01 2.359008422233865332e+01
4.677806999354362461e+01 2.359008583438694018e+01
4.677815097485966334e+01 2.359012932127557605e+01
4.677823683278896283e+01 2.359015328622312424e+01
4.677824276680283333e+01 2.359020895652430383e+01
4.677826664289501224e+01 2.359024196820482189e+01
4.677832216311121272e+01 2.359029735286904383e+01
4.677836483156488612e+01 2.359033598127716758e+01
4.677842868610666471e+01 2.359039214618396585e+01
4.677846113673568595e+01 2.359049065971487025e+01
4.677849833180679440e+01 2.359050543769678399e+01
4.677858565938424817e+01 2.359052913180032007e+01
4.677860006228318923e+01 2.359061198703756190e+01
4.677867499487466318e+01 2.359068324564435315e+01
4.677871741213305512e+01 2.359072123505551843e+01
4.677880999200255729e+01 2.359077437700012680e+01
4.677888733597072957e+01 2.359081966286208498e+01
4.677889230400670328e+01 2.359087819215268311e+01
4.677895193818105923e+01 2.359096206517551408e+01
4.677897991397907163e+01 2.359105819864068820e+01
4.677907410314185910e+01 2.359109968167433635e+01
4.677916405970435676e+01 2.359119539617686101e+01
4.677924357614870132e+01 2.359127779594697927e+01
4.677927107061091760e+01 2.359137748170432403e+01
4.677931738809351714e+01 2.359143348740103363e+01
4.677935050698174990e+01 2.359146010974556162e+01
4.677937026429818701e+01 2.359147881235628930e+01
4.677938743967619928e+01 2.359154434070719830e+01
4.677941056799745212e+01 2.359163377195018896e+01
4.677941309944865367e+01 2.359171848043494535e+01
4.677941982398279208e+01 2.359176895062701718e+01
4.677950612260825380e+01 2.359178973169586158e+01
4.677959707919477950e+01 2.359187259968638273e+01
4.677963197241913207e+01 2.359196181727470076e+01
4.677971406206476956e+01 2.359205233387946521e+01
4.677971407725948438e+01 2.359208093737676393e+01
4.677972718550758202e+01 2.359211770368174399e+01
4.677978250635780455e+01 2.359217108913349747e+01
4.677987892382406443e+01 2.359222887343647201e+01
4.677988173187745957e+01 2.359226322938076237e+01
4.677988662894777150e+01 2.359231216654303509e+01
4.677995758005820903e+01 2.359233827210998768e+01
4.678003656260770526e+01 2.359239708593778317e+01
4.678008653529902716e+01 2.359244348706668504e+01
4.678014539353713985e+01 2.359250001348353365e+01
4.678019825561843703e+01 2.359259423947857925e+01
4.678028605866828116e+01 2.359264851765926352e+01
4.678032255205359036e+01 2.359267453632479317e+01
4.678032761353562563e+01 2.359273144153225132e+01
4.678035384791831319e+01 2.359277183174995685e+01
4.678037977926377522e+01 2.359279669889191666e+01
4.678038097892624592e+01 2.359280296764707074e+01
4.678046791469932231e+01 2.359289131243423654e+01
4.678051028874979522e+01 2.359296095606822874e+01
4.678052075393818399e+01 2.359300265492538884e+01
4.678057278350673442e+01 2.359301711991362538e+01
4.678061674164302275e+01 2.359302520594976116e+01
4.678065501490339528e+01 2.359302754118386858e+01
4.678066232260807311e+01 2.359311325302508777e+01
4.678070753247857283e+01 2.359315736730539825e+01
4.678073612377671964e+01 2.359319840929353163e+01
4.678075686030152980e+01 2.359324732101368838e+01
4.678084741339193187e+01 2.359326773009372857e+01
4.678086469262855474e+01 2.359333797250329212e+01
4.678088809417739213e+01 2.359338031310639749e+01
4.678090582948842524e+01 2.359345374889439384e+01
4.678096541210166492e+01 2.359349226276526323e+01
4.678103073250628086e+01 2.359356429296405366e+01
4.678106555951091394e+01 2.359362731271751557e+01
4.678107376589991162e+01 2.359371433412367480e+01
4.678112570058957687e+01 2.359373336387866615e+01
4.678117042951572557e+01 2.359379602169164158e+01
4.678117922089226255e+01 2.359383624803694701e+01
4.678127777863942782e+01 2.359387041357195614e+01
4.678129003153592436e+01 2.359396762794414926e+01
4.678138026996700916e+01 2.359400283865991454e+01
4.678138513240067908e+01 2.359403962067564464e+01
4.678148459485015564e+01 2.359407853695127955e+01
4.678154287607676309e+01 2.359412636058278068e+01
4.678160084702071231e+01 2.359419971707859176e+01
4.678169490367049121e+01 2.359425501297614503e+01
4.678172549663414514e+01 2.359434171199456287e+01
4.678176245942084677e+01 2.359434426745032809e+01
4.678184590894814932e+01 2.359440997429973663e+01
4.678184664285740979e+01 2.359446582432267547e+01
4.678191263695500623e+01 2.359451647721738254e+01
4.678194923723975052e+01 2.359458209353901381e+01
4.678195740233044830e+01 2.359463384825868815e+01
4.678198799417955200e+01 2.359467347158897255e+01
4.678208190184076898e+01 2.359467925619355455e+01
4.678213162099671507e+01 2.359477550110271693e+01
4.678220831620470932e+01 2.359484014324998213e+01
4.678224457586730978e+01 2.359493120631633190e+01
4.678232659188028464e+01 2.359498476252596433e+01
4.678239490545130508e+01 2.359506359284073085e+01
4.678248541880858369e+01 2.359507161206488135e+01
4.678255257559856517e+01 2.359516055409122259e+01
4.678255511005514933e+01 2.359524575494144827e+01
4.678262121066998702e+01 2.359533938351474447e+01
4.678270181783337023e+01 2.359537433713045473e+01
4.678274299006695713e+01 2.359540213477951909e+01
4.678279478265286428e+01 2.359547242152691027e+01
4.678280842127735895e+01 2.359556518583794471e+01
4.678284758930924880e+01 2.359564723863925906e+01
4.678285503471803963e+01 2.359566735279381078e+01
4.678286419488352266e+01 2.359576706881942698e+01
4.678294101512374681e+01 2.359577092336242643e+01
4.678302938111080067e+01 2.359581942554876122e+01
4.678312740601098341e+01 2.359584451859120691e+01
4.678317051974747187e+01 2.359590706523045256e+01
4.678323345493780039e+01 2.359592157379623600e+01
4.678326645375844350e+01 2.359597027067904662e+01
4.678328248436514514e+01 2.359603670012648635e+01
4.678338084284520448e+01 2.359611982495965776e+01
4.678342549148518259e+01 2.359614987852566159e+01
4.678347083616946378e+01 2.359623020099633095e+01
4.678347989827222619e+01 2.359626713198924719e+01
4.678350951111683997e+01 2.359630321014680732e+01
4.678352001284692818e+01 2.359633872666180920e+01
4.678358072058846773e+01 2.359642115946710206e+01
4.678367235342333430e+01 2.359647321366672656e+01
4.678374653278440576e+01 2.359655882088016554e+01
4.678381998910585082e+01 2.359658802031226799e+01
4.678383004759810859e+01 2.359668395650944461e+01
4.678386669098222228e+01 2.359676452163565230e+01
4.678391328511981584e+01 2.359682462585973894e+01
4.678391370212179368e+01 2.359691554378995093e+01
4.678396368118381332e+01 2.359691873659726014e+01
4.678405655456931100e+01 2.359698613163281777e+01
4.678410326724267065e+01 2.359701215610382619e+01
4.678415499168752945e+01 2.359708950496794344e+01
4.678422304078330285e+01 2.359713610417609075e+01
4.678428084089228634e+01 2.359714627368050088e+01
4.678437418968498207e+01 2.359724076330482845e+01
4.678443212671847817e+01 2.359724909501009904e+01
4.678443806459818433e+01 2.359730747860647426e+01
4.678446889383425855e+01 2.359730887519799225e+01
4.678450141263324014e+01 2.359736140536478644e+01
4.678451157600844112e+01 2.359742478930591503e+01
4.678459206725877806e+01 2.359745147690121314e+01
4.678462060393773925e+01 2.359749093797470110e+01
4.678470903264794600e+01 2.359752085112062403e+01
4.678477725136505683e+01 2.359758238629826010e+01
4.678480715495560105e+01 2.359763815438674683e+01
4.678485174150407744e+01 2.359765894884743176e+01
4.678488602994092815e+01 2.359773798145371160e+01
4.678494036044467208e+01 2.359780083453263444e+01
4.678495789666670390e+01 2.359788913237400010e+01
4.678498725324229923e+01 2.359798393079447365e+01
4.678504163483555800e+01 2.359802604711051188e+01
4.678512347562863027e+01 2.359807647172552336e+01
4.678522228774798464e+01 2.359816363094857650e+01
4.678527748263611841e+01 2.359824370183992670e+01
4.678534871557956620e+01 2.359828733936563339e+01
4.678540930984221546e+01 2.359835492195160001e+01
4.678548398265890995e+01 2.359840739298812551e+01
4.678551745303163756e+01 2.359846592722209380e+01
4.678553099574865115e+01 2.359855532283295787e+01
4.678556668734128010e+01 2.359858596994131474e+01
4.678563118641577034e+01 2.359859833417472430e+01
4.678572571381025824e+01 2.359861402397280727e+01
4.678577810514558877e+01 2.359864682610621855e+01
4.678580784784766422e+01 2.359864872570699035e+01
4.678588662894263450e+01 2.359869210148748309e+01
4.678598185847855007e+01 2.359874882261635065e+01
4.678607860034477994e+01 2.359883618497678270e+01
4.678617194615061692e+01 2.359886565747152432e+01
4.678626164563117129e+01 2.359892646467659816e+01
4.678626268731092352e+01 2.359898214100642022e+01
4.678635530431802891e+01 2.359906452618447403e+01
4.678644931009544194e+01 2.359911425024413134e+01
4.678647665100611164e+01 2.359919281818107351e+01
4.678656045842135569e+01 2.359921967191981551e+01
4.678664257827739448e+01 2.359929264578800812e+01
4.678669821271434159e+01 2.359935993840878865e+01
4.678673813743325383e+01 2.359943107526794748e+01
4.678678331529838630e+01 2.359951928470144011e+01
4.678687285575232835e+01 2.359959642417052095e+01
4.678694760648034645e+01 2.359960981575507333e+01
4.678696874291631502e+01 2.359970254088934993e+01
4.678705510456509842e+01 2.359976849158242729e+01
4.678706835642535822e+01 2.359980161525621511e+01
4.678709445436125947e+01 2.359987333858054370e+01
4.678713256641546536e+01 2.359987907310599553e+01
4.678719464813777051e+01 2.359993578060806385e+01
4.678721126336228053e+01 2.359997334695037807e+01
4.678726238155629602e+01 2.360001317582885605e+01
4.678735795074130976e+01 2.360009363504607194e+01
4.678743433255825579e+01 2.360017069150765323e+01
4.678743581696753040e+01 2.360019496263730332e+01
4.678745645689067345e+01 2.360025422899267156e+01
4.678747991749983015e+01 2.360033668604177493e+01
4.678751650495644299e+01 2.360041453470892492e+01
4.678759073847061245e+01 2.360049473458396463e+01
4.678764824215420504e+01 2.360054500456520188e+01
4.678770804994240962e+01 2.360060385154131168e+01
4.678780220212620833e+01 2.360068584437468076e+01
4.678785041968690450e+01 2.360071671183808206e+01
4.678785667435031570e+01 2.360078029831870339e+01
4.678791674587982641e+01 2.360081686134654433e+01
4.678799995984953597e+01 2.360090607454742440e+01
4.678802937603789047e+01 2.360094637771048909e+01