4.676309010335677385e+01 2.357482919817896416e+01
4.676314328518098051e+01 2.357477692222948562e+01
4.676320034660421499e+01 2.357468962359620690e+01
4.676320827598239305e+01 2.357463039289649842e+01
4.676326110526710522e+01 2.357460714077501507e+01
4.676326179848408060e+01 2.357456724483695254e+01
4.676333610309558964e+01 2.357448816616085452e+01
4.676338750631277463e+01 2.357438930273373145e+01
4.676348693565721248e+01 2.357429216800552751e+01
4.676357680513478243e+01 2.357428326230951754e+01
4.676364149447626062e+01 2.357420618450094096e+01
4.676372473829825793e+01 2.357410954391626845e+01
4.676380695983894498e+01 2.357403249492180208e+01
4.676382837250083213e+01 2.357396395690515334e+01
4.676383485652452521e+01 2.357389010970410936e+01
4.676389493957719168e+01 2.357385141145188001e+01
4.676393218730182610e+01 2.357378323381774976e+01
4.676399466492699020e+01 2.357370023614758381e+01
4.676400451002723457e+01 2.357367727228697518e+01
4.676404808130448743e+01 2.357364465334623915e+01
4.676407487740188884e+01 2.357362456742411894e+01
4.676415311627079774e+01 2.357358722003600704e+01
4.676418418096563556e+01 2.357351848388163518e+01
4.676422459394549236e+01 2.357344425204122373e+01
4.676431756005921159e+01 2.357338120156547490e+01
4.676434406804714428e+01 2.357334452963949545e+01
4.676442005955313874e+01 2.357334163713125363e+01
4.676448783980985979e+01 2.357326012309961882e+01
4.676455530903258762e+01 2.357316077986926928e+01
4.676464442326461324e+01 2.357314983053285218e+01
4.676464489282390247e+01 2.357307143506041669e+01
4.676467419924818358e+01 2.357306862463603991e+01
4.676471136164703779e+01 2.357300598291424976e+01
4.676479749944879671e+01 2.357296887108202910e+01
4.676486364335045209e+01 2.357293846019512529e+01
4.676494278336326005e+01 2.357289356764415444e+01
4.676496385343268258e+01 2.357286516580225921e+01
4.676496577587421655e+01 2.357276871909750682e+01
4.676501110670037065e+01 2.357276625858463603e+01
4.676507067338639700e+01 2.357271188821706076e+01
4.676507925963760215e+01 2.357269321440978160e+01
4.676515494558667285e+01 2.357261714912354833e+01
4.676517745082152544e+01 2.357252085246159368e+01
4.676524613670662234e+01 2.357244705816806984e+01
4.676525579520261999e+01 2.357242125585415948e+01
4.676527742898898055e+01 2.357234951046771343e+01
4.676534907317012824e+01 2.357226859488924475e+01
4.676535894388501902e+01 2.357219731233966442e+01
4.676542495676093836e+01 2.357217216832027162e+01
4.676547673799008464e+01 2.357215025573527001e+01
4.676555315514372779e+01 2.357212245663652794e+01
4.676560422225125535e+01 2.357205520665759835e+01
4.676565256164274587e+01 2.357199400815652623e+01
4.676574140074853148e+01 2.357197799337454569e+01
4.676581594115974383e+01 2.357188950785742065e+01
4.676589339692622360e+01 2.357182411248743392e+01
4.676592592859127961e+01 2.357179649850876757e+01
4.676594768577704286e+01 2.357170848679399455e+01
4.676595488449464710e+01 2.357168578127744141e+01
4.676600858099563141e+01 2.357163531794405742e+01
4.676601227527216054e+01 2.357162154196218395e+01
4.676605584905552604e+01 2.357161593349963269e+01
4.676610641396522539e+01 2.357155528202115136e+01
4.676619609910171960e+01 2.357148864027863411e+01
4.676628308659159927e+01 2.357145272865538388e+01
4.676632426093566863e+01 2.357143712898341548e+01
4.676640877605008484e+01 2.357138808621518322e+01
4.676650753450690701e+01 2.357131732856964845e+01
4.676656629407231236e+01 2.357128496296016706e+01
4.676658755960791325e+01 2.357121004189326641e+01
4.676664000406898225e+01 2.357113903079492800e+01
4.676670375733961293e+01 2.357113154911025532e+01
4.676674863654014302e+01 2.357111265265483624e+01
4.676684351879360690e+01 2.357104427068658126e+01
4.676688403082998491e+01 2.357101731847490100e+01
4.676697970644692504e+01 2.357096156881330273e+01
4.676698657647101953e+01 2.357089381587378796e+01
4.676701961938199759e+01 2.357087873821858182e+01
4.676708301198377882e+01 2.357081143940576240e+01
4.676709431596799504e+01 2.357079127339163094e+01
4.676711888767039227e+01 2.357075383270232649e+01
4.676721880167526990e+01 2.357071913734123925e+01
4.676723680465479305e+01 2.357067464373058741e+01
4.676732896366510062e+01 2.357062890745800132e+01
4.676738173546610255e+01 2.357059034329172320e+01
4.676738778354871329e+01 2.357057628199753907e+01
4.676742840228105536e+01 2.357055825247802261e+01
4.676747432247526604e+01 2.357054785225868443e+01
4.676748580452142789e+01 2.357046204592385408e+01
4.676751079754765783e+01 2.357041455183036405e+01
4.676754069407551384e+01 2.357037585921446876e+01
4.676759430187225064e+01 2.357028300502288332e+01
4.676767384945135575e+01 2.357023657715398457e+01
4.676773922654319904e+01 2.357023615961481511e+01
4.676781336713781911e+01 2.357019454455892316e+01
4.676781658341859327e+01 2.357014768406609662e+01
4.676790207946783084e+01 2.357010096588032155e+01
4.676798013665496256e+01 2.357006707077015406e+01
4.676802651941336819e+01 2.357005979469788670e+01
4.676812312689217777e+01 2.357004249965296339e+01
4.676813061458895504e+01 2.356999144050377026e+01
4.676817229231431128e+01 2.356990136318363227e+01
4.676824618426555702e+01 2.356981783770025984e+01
4.676828208091257721e+01 2.356975838128032308e+01
4.676831502126668738e+01 2.356968702413220740e+01
4.676836552811678160e+01 2.356959754558911513e+01
4.676844030379758266e+01 2.356953152678044461e+01
4.676849742721989145e+01 2.356945771092780006e+01
4.676850732458456861e+01 2.356938430738572876e+01
4.676857922931667133e+01 2.356937381963685141e+01
4.676858714670446915e+01 2.356931518011375459e+01
4.676862325745008775e+01 2.356928610520040479e+01
4.676864711203938185e+01 2.356922472039786243e+01
4.676873087437786580e+01 2.356915045585562751e+01
4.676878047362708912e+01 2.356907924749924987e+01
4.676879886051768409e+01 2.356900196773433009e+01
4.676888883757263926e+01 2.356897657474126007e+01
4.676892071321734079e+01 2.356890835223298453e+01
4.676901948814303012e+01 2.356890790649547540e+01
4.676903186474716989e+01 2.356886774401072060e+01
4.676906624637221910e+01 2.356882795801474018e+01
4.676907681800543060e+01 2.356877049966851700e+01
4.676911816991638204e+01 2.356867729052098781e+01
4.676914165949078495e+01 2.356857752106399673e+01
4.676920216050876178e+01 2.356851410589608875e+01
4.676921939845122722e+01 2.356850868234872465e+01
4.676922221296410243e+01 2.356850774286059647e+01
4.676924353737321383e+01 2.356847371163657456e+01
4.676933788785354551e+01 2.356837724300298476e+01
4.676938701654132302e+01 2.356827770028604263e+01
4.676938954146384475e+01 2.356826510849799661e+01
4.676940353858720556e+01 2.356824235780515409e+01
4.676943137301531550e+01 2.356818402853472350e+01
4.676947993845975304e+01 2.356811201729894734e+01
4.676950696669732110e+01 2.356804892937448059e+01
4.676953243641197133e+01 2.356796921100755071e+01
4.676953492599188422e+01 2.356788607811294511e+01
4.676954705701461990e+01 2.356784076013194351e+01
4.676959264121474291e+01 2.356778007471064740e+01
4.676966538307394217e+01 2.356777582418018469e+01
4.676972577493575756e+01 2.356769316076877985e+01
4.676976066862282977e+01 2.356764951150393728e+01
4.676982428696598504e+01 2.356764369077374965e+01
4.676985214233746291e+01 2.356754845717251712e+01
4.676989576195975928e+01 2.356752541105790399e+01
4.676992116566285063e+01 2.356750476108321379e+01
4.677001690992460681e+01 2.356745308643127856e+01
4.677003081144422936e+01 2.356744669854347407e+01
4.677007544493846325e+01 2.356743300193958035e+01
4.677009773204295584e+01 2.356736025397039924e+01
4.677016101353400757e+01 2.356726905852168130e+01
4.677017405657234406e+01 2.356717880788577446e+01
4.677026144149098030e+01 2.356712354695744693e+01
4.677035207172443165e+01 2.356706773593768389e+01
4.677040076688255255e+01 2.356701161183341853e+01
4.677046892479506823e+01 2.356692606767294151e+01
4.677052272047701820e+01 2.356690061936563652e+01
4.677061788535172582e+01 2.356688951198582416e+01
4.677064220294901276e+01 2.356688341237738982e+01
4.677071988776357614e+01 2.356683571014040979e+01
4.677078869038020770e+01 2.356675710644619670e+01
4.677086181674207666e+01 2.356674178677601361e+01
4.677088082876039010e+01 2.356666977327473944e+01
4.677092171291342027e+01 2.356661798076007841e+01
4.677092690242603368e+01 2.356653861749001777e+01
4.677094969075998421e+01 2.356650734927416480e+01
4.677095147318353696e+01 2.356642819165129055e+01
4.677101380364024408e+01 2.356636790728585851e+01
4.677110219876771424e+01 2.356631743513461430e+01
4.677115596983728096e+01 2.356631084562760492e+01
4.677124401442780766e+01 2.356628519722337245e+01
4.677128355037576313e+01 2.356622863088549735e+01
4.677134217751225975e+01 2.356614669362195968e+01
4.677141588518432513e+01 2.356611562755097111e+01
4.677144909746520085e+01 2.356610981878177569e+01
4.677153922884673420e+01 2.356607341808028266e+01
4.677162652710707391e+01 2.356598225484825448e+01
4.677168184952136443e+01 2.356591349524263634e+01
4.677173452127551911e+01 2.356589734224925792e+01
4.677182709093774093e+01 2.356582968098933151e+01
4.677187937852669819e+01 2.356580934322245113e+01
4.677190258548214530e+01 2.356571028579056915e+01
4.677194471799224118e+01 2.356566821817142809e+01
4.677203829539499935e+01 2.356558099792514582e+01
4.677206494374097190e+01 2.356555526907022369e+01
4.677209659251822416e+01 2.356554449689844333e+01
4.677212561993641771e+01 2.356552987281022382e+01
4.677222533271573468e+01 2.356544077578696417e+01
4.677226448263139247e+01 2.356537279849199962e+01
4.677228768894647004e+01 2.356531114463823684e+01
4.677229366890465201e+01 2.356529106721094280e+01
4.677229683837815344e+01 2.356524674033508759e+01
4.677238260756892885e+01 2.356519730503343268e+01
4.677240726415397631e+01 2.356511471048959550e+01
4.677245106563066201e+01 2.356502346971943140e+01
4.677247716206399986e+01 2.356498265324013630e+01
4.677247821472184341e+01 2.356493563889331710e+01
4.677251017681293632e+01 2.356483632643819348e+01
4.677258901870774110e+01 2.356478508250361514e+01
4.677259200996198274e+01 2.356476262643931818e+01
4.677265748367558729e+01 2.356475528051828405e+01
4.677275742577152329e+01 2.356467654525074806e+01
4.677279830379362124e+01 2.356466029603281953e+01
4.677286542575344441e+01 2.356460025654148183e+01
4.677293061462099644e+01 2.356453100545958534e+01
4.677296040424189982e+01 2.356451789735683633e+01
4.677298801484351287e+01 2.356450198922874151e+01
4.677303173358119892e+01 2.356446896849807260e+01
4.677307991350910044e+01 2.356443858128655933e+01
4.677308244857855613e+01 2.356439876263406319e+01
4.677310654469495432e+01 2.356432536463990246e+01
4.677319356813348605e+01 2.356430232151713255e+01
4.677320156604797319e+01 2.356424182031625847e+01
4.677329906298955819e+01 2.356423404217135698e+01
4.677338942728039939e+01 2.356413622843704303e+01
4.677346632499514101e+01 2.356405202179670511e+01
4.677353786917954181e+01 2.356400443388720589e+01
4.677354114225684611e+01 2.356399037064314328e+01
4.677363404609857156e+01 2.356389625043924951e+01
4.677372189718541762e+01 2.356389521335873027e+01
4.677378167392252806e+01 2.356388954215262288e+01
4.677384221575871237e+01 2.356387101379312554e+01
4.677390917423598182e+01 2.356384154892057126e+01
4.677394240364680655e+01 2.356375019432719498e+01
4.677394692908941920e+01 2.356373035557803775e+01
4.677401611124973613e+01 2.356367586635754918e+01
4.677409691280746529e+01 2.356362600713141831e+01
4.677419174467142682e+01 2.356356306609874451e+01
4.677424964246526429e+01 2.356351004634328206e+01
4.677429141229450948e+01 2.356350933556639404e+01
4.677438939630363990e+01 2.356346003053665328e+01
4.677447233138369853e+01 2.356343982591341657e+01
4.677452979250642073e+01 2.356340853205092856e+01
4.677457692853526083e+01 2.356333875520893884e+01
4.677458752272326592e+01 2.356331610511606911e+01
4.677463383975580768e+01 2.356327755678914215e+01
4.677465195068194248e+01 2.356324934597940768e+01
4.677467458226066555e+01 2.356315833652649516e+01
4.677473852408105870e+01 2.356315561591562258e+01
4.677480094634218943e+01 2.356309443833583117e+01
4.677488647497760610e+01 2.356300269328927044e+01
4.677493797629708183e+01 2.356296342683643630e+01
4.677501004912740257e+01 2.356289463722859523e+01
4.677505936240399365e+01 2.356283526844685028e+01
4.677507647810966063e+01 2.356280822465661728e+01
4.677513861823953079e+01 2.356279168983324723e+01
4.677521521840891694e+01 2.356272950753950468e+01
4.677521873672414898e+01 2.356264751015025993e+01
4.677524209088455365e+01 2.356260531240251055e+01
4.677529725966149243e+01 2.356259627091458952e+01
4.677537431716088179e+01 2.356256147974958637e+01
4.677546615092349924e+01 2.356255915985634530e+01
4.677547874875914857e+01 2.356247366361383300e+01
4.677553125485301422e+01 2.356241375616814082e+01
4.677553906040436971e+01 2.356238376816127911e+01
4.677554546148962800e+01 2.356234222714142490e+01
4.677561714518130742e+01 2.356226172322828205e+01
4.677568303791902338e+01 2.356217963156333184e+01
4.677572626568547776e+01 2.356217400839113907e+01
4.677578117102504507e+01 2.356208795141797552e+01
4.677578375396755206e+01 2.356205166974126541e+01
4.677581449679161807e+01 2.356199736716886051e+01
4.677582993175328596e+01 2.356189897255801924e+01
4.677588899677655121e+01 2.356189895392338940e+01
4.677590957847693431e+01 2.356186966793122295e+01
4.677599275088385156e+01 2.356177019302830900e+01
4.677601461777691583e+01 2.356167378740361684e+01
4.677611220553665561e+01 2.356158292853044500e+01
4.677615270404466941e+01 2.356155932366524652e+01
4.677617045677961727e+01 2.356155375362518001e+01
4.677620445580355835e+01 2.356151990360894999e+01
4.677623609372229652e+01 2.356148521298827703e+01
4.677627382610450013e+01 2.356138568059239091e+01
4.677633152988149590e+01 2.356136629545366645e+01
4.677635627393045326e+01 2.356132328860569558e+01
4.677640238523732563e+01 2.356124634205944446e+01
4.677643310853083847e+01 2.356117036810639576e+01
4.677648166813726505e+01 2.356107894866671870e+01
4.677648563926526748e+01 2.356099119141344644e+01
4.677650279979497583e+01 2.356097856280781144e+01
4.677651711773727072e+01 2.356096319421745733e+01
4.677658865100106311e+01 2.356095651572733729e+01
4.677662942830483672e+01 2.356092590186646163e+01
4.677672412945356228e+01 2.356089215771044465e+01
4.677675000171536368e+01 2.356083977923303863e+01
4.677678306061173430e+01 2.356074969090983373e+01
4.677681364637685135e+01 2.356065292304347736e+01
4.677689144861115977e+01 2.356058614994024225e+01
4.677696782029527611e+01 2.356053248778837883e+01
4.677700397244317543e+01 2.356051272782679717e+01
4.677704481621272947e+01 2.356046547207381181e+01
4.677709351468063659e+01 2.356041674592330537e+01
4.677718578405958993e+01 2.356032278634118526e+01
4.677720191132628003e+01 2.356028042205613460e+01
4.677720259403155723e+01 2.356022407791818907e+01
4.677722616864970462e+01 2.356012765463350789e+01
4.677726152759110789e+01 2.356012520844538827e+01
4.677732006535371312e+01 2.356004430176690434e+01
4.677740131380194555e+01 2.356002899296769826e+01
4.677744454687711340e+01 2.356000652459698941e+01
4.677751378602609122e+01 2.355991855610367836e+01
4.677758245195224873e+01 2.355991243793781109e+01
4.677767128431457877e+01 2.355988927700719415e+01
4.677769561598778125e+01 2.355981589895491268e+01
4.677778543817827028e+01 2.355974814828731212e+01
4.677784631314140995e+01 2.355974396520946001e+01
4.677793049241535073e+01 2.355965381565274797e+01
4.677800991543931275e+01 2.355957195560000272e+01
4.677808661682482949e+01 2.355953017606704236e+01
4.677816829313808711e+01 2.355948470255532001e+01
4.677825912057496538e+01 2.355944101853007311e+01
4.677834657293068688e+01 2.355941022152411435e+01
4.677841016807138885e+01 2.355933959688924517e+01
4.677845643751044946e+01 2.355927259440807831e+01
4.677847056884123589e+01 2.355920433479739273e+01
4.677848234129442773e+01 2.355913905933206820e+01
4.677857899150784249e+01 2.355908214635994113e+01
4.677866453857753015e+01 2.355900303478939861e+01
4.677876014153243744e+01 2.355898493034651864e+01
4.677882057233095026e+01 2.355889108655224717e+01
4.677887957729691948e+01 2.355880915340246062e+01
4.677894029533824494e+01 2.355878639838283561e+01
4.677898725106042122e+01 2.355871831424822460e+01
4.677906791153452559e+01 2.355869498797223827e+01
4.677911506141943931e+01 2.355868481153054361e+01
4.677911973863248818e+01 2.355866853948213802e+01
4.677920805200766097e+01 2.355857409744929498e+01
4.677927721629742308e+01 2.355857385034868301e+01
4.677929149642012874e+01 2.355853321153429647e+01
4.677932286576987764e+01 2.355846970527346684e+01
4.677938977003903886e+01 2.355845477978474634e+01
4.677940015542125707e+01 2.355839082861228562e+01
4.677945354954523083e+01 2.355834605996018283e+01
4.677945638853707777e+01 2.355829452923020284e+01
4.677951836132589136e+01 2.355819640399040793e+01
4.677959182909197011e+01 2.355810876889887595e+01
4.677965446513017866e+01 2.355808240225122319e+01
4.677974420531730715e+01 2.355804235163540028e+01
4.677984097344590708e+01 2.355796841434743882e+01
4.677987611445155380e+01 2.355796495499136256e+01
4.677989795253789396e+01 2.355792770304845618e+01
4.677991172344952986e+01 2.355789268008527415e+01
4.677994078326774030e+01 2.355783722959463944e+01
4.678002046959007743e+01 2.355776525999645088e+01
4.678007621188842791e+01 2.355766660786373023e+01
4.678009672472148850e+01 2.355764113568520202e+01
4.678013924708311322e+01 2.355759189828912170e+01
4.678013982993721243e+01 2.355758898943397028e+01
4.678020874782701810e+01 2.355754051643464919e+01
4.678024196372388133e+01 2.355747648890871560e+01
4.678030495425140600e+01 2.355740127124060024e+01
4.678035941149759225e+01 2.355737727705419715e+01
4.678042223103086172e+01 2.355736765921706422e+01
4.678043714757300364e+01 2.355736442230027805e+01
4.678047474219110313e+01 2.355735196507579587e+01
4.678054058000945759e+01 2.355727894628812180e+01
4.678062550936503072e+01 2.355727851490319580e+01
4.678070817685027549e+01 2.355724507087981223e+01
4.678080170883904287e+01 2.355724322039885266e+01
4.678085726875929140e+01 2.355721532999193357e+01
4.678091985919357398e+01 2.355713548161561732e+01
4.678093943529393073e+01 2.355713038325853148e+01
4.678100049574725006e+01 2.355704774628263465e+01
4.678100354898562330e+01 2.355704393042692502e+01
4.678102588159111264e+01 2.355703925058273640e+01
4.678104916286024206e+01 2.355695978705582405e+01
4.678114251713250127e+01 2.355691702111406016e+01
4.678121534773399048e+01 2.355684532165718537e+01
4.678122939452678253e+01 2.355683695342971617e+01
4.678125291616964176e+01 2.355683486820898054e+01
4.678130180765472801e+01 2.355680151013699586e+01
4.678134843749498373e+01 2.355672407764133780e+01
4.678136676246804626e+01 2.355664593850292476e+01
4.678138145736372877e+01 2.355659859002292222e+01
4.678142748209657498e+01 2.355655742826264287e+01
4.678146067798941488e+01 2.355653487885177100e+01
4.678149490959167878e+01 2.355644833019439588e+01
4.678158288317161606e+01 2.355635890519139508e+01
4.678166980631130656e+01 2.355626634896724170e+01
4.678176252423767778e+01 2.355621582386330459e+01
4.678179359950171090e+01 2.355614185069459410e+01
4.678180795993971941e+01 2.355604628179341020e+01
4.678190028063521311e+01 2.355595793340353339e+01
4.678192184740161252e+01 2.355587351101513249e+01
4.678197487737798355e+01 2.355584342109922602e+01
4.678201695586124487e+01 2.355580451128930974e+01
4.678208073298456782e+01 2.355576962199224766e+01
4.678210138174505772e+01 2.355574150262197364e+01
4.678214312614073123e+01 2.355569950196552043e+01
4.678221293397546532e+01 2.355561021904374996e+01
4.678230364533686725e+01 2.355559100960797636e+01
4.678235467740998388e+01 2.355556808457511764e+01
4.678244226913870563e+01 2.355552744242904950e+01
4.678252731138049114e+01 2.355548393400186669e+01
4.678253756301660360e+01 2.355542877174218575e+01
4.678260558882557518e+01 2.355534052680100032e+01
4.678269538678964778e+01 2.355533208440409965e+01
4.678271796198760768e+01 2.355523805617010424e+01
4.678275183586018926e+01 2.355520314059227260e+01
4.678278652875123100e+01 2.355511972980093560e+01
4.678285200362525131e+01 2.355505085925108233e+01
4.678294922339343742e+01 2.355502889517710230e+01
4.678302615292711408e+01 2.355499514764845870e+01
4.678303946707949024e+01 2.355498300842455706e+01
4.678308340497479634e+01 2.355492063947175652e+01
4.678313620852367194e+01 2.355483745677811314e+01
4.678320713542520792e+01 2.355481858085278191e+01
4.678327358082964338e+01 2.355473935971199850e+01
4.678328791181608892e+01 2.355464287104220489e+01
4.678334107784046125e+01 2.355459341915697635e+01
4.678338484665460584e+01 2.355458120133902256e+01
4.678341187072287255e+01 2.355450755786601746e+01
4.678341789803253903e+01 2.355444566098426051e+01
4.678342332706027662e+01 2.355443310096651999e+01
4.678345546771926422e+01 2.355438767314111104e+01
4.678348149807431611e+01 2.355434933612465187e+01
4.678348750337939066e+01 2.355430099084278694e+01
4.678351668073874947e+01 2.355420459370458275e+01
4.678360897723056411e+01 2.355413067282109907e+01
4.678366865156463916e+01 2.355411914404146501e+01
4.678371595687274720e+01 2.355403727844207395e+01
4.678381591339738321e+01 2.355398142181161347e+01
4.678387305287821363e+01 2.355395427688256049e+01
4.678392583425691953e+01 2.355389744930393192e+01
4.678401740078273718e+01 2.355381493089122102e+01
4.678410522408146477e+01 2.355380939406841634e+01
4.678413851006766322e+01 2.355374331283834266e+01
4.678415920255848448e+01 2.355371582358589322e+01
4.678416219128288844e+01 2.355366333871009132e+01
4.678419889249445873e+01 2.355357968419012238e+01
4.678425818842521977e+01 2.355353272579866797e+01
4.678432663821759263e+01 2.355350181943798660e+01
4.678434849753470104e+01 2.355347440807047832e+01
4.678440247866997481e+01 2.355338825374191103e+01
4.678446417721360717e+01 2.355336266268319179e+01
4.678451113462983102e+01 2.355328816657017654e+01
4.678459137319126881e+01 2.355325386206249050e+01
4.678465645415315066e+01 2.355324191451544991e+01
4.678473946131844485e+01 2.355316986291523307e+01
4.678482442088363058e+01 2.355307754242735996e+01
4.678491722111775175e+01 2.355300233743705718e+01
4.678498923093862061e+01 2.355291452090779458e+01
4.678508376669805813e+01 2.355282827275215851e+01
4.678511313888996170e+01 2.355281095713933226e+01
4.678513280853359646e+01 2.355272704930461813e+01
4.678523030747523137e+01 2.355272053935823351e+01
4.678530719914903102e+01 2.355264144672817395e+01
4.678536018970795141e+01 2.355257599442806793e+01
4.678541756751891967e+01 2.355248787443864700e+01
4.678547631465063006e+01 2.355246281861377966e+01
4.678548233163073888e+01 2.355238133346544060e+01
4.678555439043871189e+01 2.355233326954968831e+01
4.678563745298158238e+01 2.355230009579950945e+01
4.678567411747286542e+01 2.355229090293007133e+01
4.678571522324003240e+01 2.355222923369358767e+01
4.678572329069147884e+01 2.355214726308821582e+01
4.678579805792762158e+01 2.355208369788576661e+01
4.678584638634067261e+01 2.355203216481548267e+01
4.678594238984354803e+01 2.355198497211451425e+01
4.678603790666203111e+01 2.355197011977745092e+01
4.678613277646689284e+01 2.355189628674253655e+01
4.678614966900006777e+01 2.355187386765170032e+01
4.678622663217688427e+01 2.355182785840474580e+01
4.678623837286183118e+01 2.355175397395861481e+01
4.678631157162131871e+01 2.355168236361464906e+01
4.678631397338681808e+01 2.355160812967220352e+01
4.678636838997440606e+01 2.355155903152534691e+01
4.678645108348349879e+01 2.355146985837010121e+01
4.678645291908694048e+01 2.355138575101771892e+01
4.678649177987368546e+01 2.355137103003757204e+01
4.678652999882827146e+01 2.355129418126157503e+01
4.678657550392701836e+01 2.355124827301921542e+01
4.678658666118192144e+01 2.355119926016524090e+01
4.678659005774562019e+01 2.355111692594536166e+01
4.678659516894803261e+01 2.355107513643706341e+01
4.678668541535027003e+01 2.355105495262144188e+01
4.678673966596492306e+01 2.355096254853043902e+01
4.678675055605522459e+01 2.355092402357095693e+01
4.678684076751481058e+01 2.355091673168877975e+01
4.678688108318742422e+01 2.355082253174694529e+01
4.678694942650835031e+01 2.355080230942780162e+01
4.678696803377831515e+01 2.355079259383336066e+01
4.678697500966927691e+01 2.355076946665438697e+01
4.678698841254423968e+01 2.355070714130362219e+01
4.678704312872017113e+01 2.355070602752098097e+01
4.678709751150916674e+01 2.355062821081556024e+01
4.678714982241607601e+01 2.355062178982432286e+01
4.678722734423449481e+01 2.355058759384859002e+01
4.678732352907219649e+01 2.355050116993703568e+01
4.678741525061801809e+01 2.355045942967343464e+01
4.678747081735566837e+01 2.355039446075332066e+01
4.678749746394621667e+01 2.355036171847985571e+01
4.678751173599418678e+01 2.355030525026882060e+01
4.678757460969823256e+01 2.355021418527524091e+01
4.678764997073372456e+01 2.355014245852136057e+01
4.678767512941717399e+01 2.355011240154807695e+01
4.678774226108813394e+01 2.355004797617997170e+01
4.678775558695767245e+01 2.355000095233115687e+01
4.678776812245738626e+01 2.354990692966445920e+01
4.678784221306064950e+01 2.354983397699589531e+01